9785406
9779467
9786934
9786198
9792830
9787103
9786273
9782634
9787350
9792755
9792997
9779573
9792770
9787054
9787175
9786777
9786148
9785454
9786922
9782659
9793162
9786921
9792802
9786329
9787307
9785922
9793040
9785739
9793182
9786317
9786156
9779574
9786499
9786199
9786099
9785811
9786897
9787469
9787430
9785126
9787372
9782124
9775115
9786520
9787311
9786201
9786867
9785242
9785057
9785960
9784459
9793072
9786779
9793007
9786111
9777953
9787047
9792745
9779131
9786988
9792959
9787263
9786915
9781556
9786935
9785113
9787546
9792750
9782730
9780435
9786162
9564184
9697260
9694868
9603111
9697257
9696005
9567550
9489589
9698542
9690830
9698929
9698837
9698728
9698723
9698685
9659524
9615539
9573526
9698922
9698798
9434412
9673430
9682171
9693770
9698556
9698509
9688524
9683793
9698677
9698507
9698169
9666532
9639264
9698707
9698627
9673156
9662846
9607848
9573550
9692380
9698997
9660141
9660135
9720117
9608832
9715763
9744229
9743771
9721771
9606805
9744395
9744188
9641164
9488163
9658275
9735866
9737799
9608001
9714699
9646990
9710093
9743423
9707079
9734729
9689289
9584424
9739005
9749588
9727016
9749920
9749874
9749849
9749786
9749774
9749713
9749555
9748206
9742110
9738731
9737888
9724578
9721208
9570609
9702441
9676496
9620556
9514511
9690006
9738276
9738113
9726826
9714639
9679482
9485768
9731754
9732053
9732268
9731830
9725031
9616712
9732710
9732450
9692777
9731540
9731575
9731609
9731665
9711167
9737757
9737705
9737622
9735073
9729547
9670324
9480531
9756108
9756106
9756081
9756047
9756013
9756002
9756000
9755999
9755987
9755981
9755973
9755955
9755939
9755907
9755879
9755789
9755786
9755661
9755524
9752442
9751482
9751143
9749039
9748351
9748309
9748268
9705109
9660403
9557026
9756330
9756324
9756290
9756288
9756250
9756233
9756211
9756202
9756190
9756169
9756133
9756099
9756080
9755945
9755936
9755931
9755623
9754169
9750271
9750078
9748380
9744593
9743601
9708925
9702289
9700315
9655781
9756077
9756030
9756005
9755857
9755505
9755276
9753740
9753259
9756528
9756524
9756496
9756462
9756456
9756342
9742325
9737721
9756206
9756501
9712306
9712215
9694579
9669793
9665095
9507221
9506920
9750083
9750044
9750042
9750021
9750009
9750000
9749977
9749973
9749966
9749961
9749947
9749937
9749915
9749907
9749880
9749862
9749838
9749835
9749822
9749626
9747300
9746867
9744810
9742824
9738897
9738577
9616373
9568673
9749960
9749844
9749167
9748074
9585978
9709700
9687590
9686366
9750401
9750361
9750315
9750311
9750263
9750244
9750226
9750164
9750156
9750155
9750152
9750135
9750133
9750119
9750088
9750076
9750070
9750065
9750040
9749867
9749776
9748575
9748367
9747224
9746782
9745475
9743385
9732924
9731811
9684728
9681220
9678348
9669769
9704558
9640858
9530255
9750479
9750031
9749789
9750477
9750435
9750412
9750378
9750291
9750251
9750246
9750245
9750243
9750108
9750012
9746658
9750199
9756112
9737572
9698864
9698686
9682291
9644439
9601017
9573537
9502121
9463201
9430479
9620684
9639429
9755376
9750446
9749871
9750192
9754787
9754772
9750068
9746013
9678278
9753270
9755928
9755878
9755851
9755831
9755797
9755764
9755404
9747629
9744852
9738968
9694445
9682605
9731401
9729329
9723706
9749887
9754304
9721792
9711560
9711201
9750204
9750316
9750227
9750003
9746192
9737776
9750236
9743824
9688543
9738439
9676817
9637735
9587184
9669806
9716101
9691259
9562514
9751348
9768718
9766002
9746329
9672790
9781524
9732302
9711057
9710860
9706400
9697678
9694162
9688736
9603066
9602931
9602632
9574741
9574495
9571813
9571454
9570838
9580552
9688996
9716200
9663535
9722913
9689505
9755872
9722794
9704720
9694231
9694001
9689048
9676432
9588078
9671194
9670833
9631494
9733235
9716226
9703698
9694037
9728385
9704279
9655506
9412984
9714106
9692612
9722283
9723730
9682104
9597443
9755757
9756363
9706547
9571334
9755703
9694155
9788068
9728633
9769203
9735108
9732258
9716278
9704772
9682785
9736584
9704643
9645582
9642930
9636406
9634472
9623205
9622896
9563139
9756477
9732709
9732500
9732381
9732310
9731937
9731364
9730955
9730941
9730879
9722991
9722947
9722755
9722651
9716785
9716707
9716094
9712389
9710578
9710575
9709572
9708275
9707962
9705074
9704522
9704436
9698641
9698340
9698240
9694880
9687534
9682969
9682580
9682346
9679424
9670864
9665926
9658634
9750048
9732494
9718177
9682303
9472077
9731792
9685891
9621038
9707338
9519237
9737545
9738305
9738256
9738148
9738101
9738090
9737748
9736733
9733310
9728549
9728371
9721817
9706391
9695252
9684673
9678009
9672847
9672529
9609923
9616027
9651374
9788006
9787813
9774552
9788055
9787812
9787973
9787975
9793599
9793483
9793482
9793473
9793449
9793390
9793385
9793603
9793546
9793545
9788163
9793535
9793418
9744360
9787711
9787962
9787941
9787038
9788208
9734808
9787624
9788161
9642934
9716640
9688410
9657803
9643107
9630946
9626857
9559421
9513617
9655732
9645082
9631758
9567805
9763479
9710929
9600447
9579768
9769424
9581879
9710583
9689256
9665174
9532464
9699709
9694690
9688800
9660922
9622634
9693746
9693454
9690647
9670426
9620382
9685168
9667322
9709974
9663557
9445768
9781545
9781901
9711237
9710991
9580790
9492149
9787595
9787583
9787574
9730603
9737727
9682392
9787737
9788070
9788010
9787972
9787908
9787900
9786836
9793452
9793232
9784651
9787778
9793395
9787984
9793561
9793533
9793476
9793288
9784503
9780994
9788003
9781629
9793510
9793398
9787971
9787577
9787701
9787532
9787571
9787718
9793297
9793412
9793276
9788290
9780945
9787472
9788456
9788131
9788078
9788018
9787939
9793357
9793525
9788153
9787765
9793563
9793425
9793362
9793343
9793249
9793205
9788107
9787955
9787815
9787622
9788157
9662152
9787773
9793529
9787749
9787728
9793208
9788122
9788118
9793522
9793553
9788058
9787689
9785197
9787576
9793493
9787933
9793430
9792666
9787964
9787948
9787570
9792992
9793536
9793151
9793463
9788323
9793303
9788289
9779813
9793258
9788348
9793444
9787925
9793194
9787906
9782607
9788338
9737226
9677708
9697306
9697320
9697298
9697370
9697346
9661401
9696162
9651058
9693425
9429720
9614982
9570635
9699701
9698482
9699732
9699540
9699531
9636823
9698996
9533526
9691804
9690934
9689734
9689729
9687883
9699311
9699242
9699203
9699107
9698885
9698877
9698071
9700996
9655801
9655900
9661238
9661304
9711618
9685398
9705391
9699151
9728751
9682795
9728879
9728947
9728923
9728720
9714738
9744465
9734103
9734064
9732265
9655611
9738715
9744798
9743928
9719034
9745047
9691971
9740684
9744953
9687092
9727056
9748746
9588011
9732913
9746450
9749467
9749638
9744560
9638096
9668756
9596039
9710949
9656085
9623261
9718227
9738500
9729019
9689229
9567769
9733231
9733457
9714701
9731037
9756059
9756731
9756607
9756535
9756517
9756513
9756454
9756360
9756277
9732835
9731487
9695272
9756882
9756873
9756848
9756845
9756813
9756785
9756760
9756727
9756686
9756666
9756655
9756645
9756641
9756634
9756613
9756589
9756547
9756538
9756438
9756369
9756359
9756117
9754274
9752681
9708401
9502766
9757083
9757057
9757014
9757008
9756992
9756864
9756810
9756770
9756742
9756590
9756184
9747762
9737355
9726636
9750383
9707374
9677264
9750804
9750740
9750734
9750700
9750677
9750659
9750653
9750618
9750601
9750592
9750589
9750494
9750460
9750427
9750175
9747407
9745426
9743968
9750625
9750501
9750497
9750490
9750476
9750465
9750340
9748576
9568496
9489619
9693878
9678586
9625213
9618029
9751124
9751093
9751088
9751071
9751061
9751055
9751049
9751029
9750996
9750934
9750914
9750790
9750780
9750643
9750537
9742596
9737789
9730662
9713018
9757253
9757196
9757191
9757181
9757172
9757164
9757160
9757132
9757119
9757111
9757091
9757082
9757050
9757019
9756840
9756832
9756562
9756310
9754067
9750744
9750268
9747931
9746877
9737811
9734948
9727073
9706830
9701663
9699300
9694311
9687852
9687753
9687049
9686983
9597635
9756859
9756104
9699696
9671664
9637741
9733092
9757275
9756111
9675741
9632213
9500260
9699425
9699293
9699175
9699125
9699003
9698697
9670459
9631788
9615138
9699628
9699608
9699579
9699536
9699501
9699406
9695096
9687000
9675390
9657599
9685920
9704154
9685080
9572102
9567395
9465948
9754775
9754833
9749419
9749274
9751111
9746107
9655203
9742784
9742731
9750811
9750665
9750633
9750752
9750942
9750898
9750891
9750889
9750855
9750853
9750827
9750742
9750708
9750701
9750531
9750339
9739242
9733523
9728028
9724588
9626567
9696704
9751213
9751201
9751179
9751165
9751163
9751137
9751099
9751052
9751007
9750989
9750838
9750755
9750597
9750498
9747481
9741437
9738109
9702742
9696716
9649316
9750833
9750711
9665957
9655941
9637377
9744875
9593604
9529711
9731883
9695409
9717354
9591712
9716775
9602589
9702537
9723269
9710396
9660817
9656840
9756321
9661459
9665453
9595243
9577102
9649619
9720026
9629285
9629610
9533587
9632166
9632079
9655600
9661179
9756811
9756723
9566788
9705469
9661113
9660232
9650449
9508020
9568056
9756178
9727882
9732385
9703555
9738997
9738502
9733017
9720073
9710557
9788346
9787910
9494511
9788264
9717111
9716931
9673044
9649108
9643204
9637769
9637124
9634284
9627901
9624574
9606172
9764611
9750772
9750706
9750640
9750524
9733404
9733289
9732656
9732495
9732271
9730288
9727048
9723841
9723820
9723749
9723498
9723488
9723229
9717580
9717533
9716861
9711640
9711588
9711562
9709583
9705380
9703118
9702574
9690924
9683327
9683250
9677341
9677057
9663627
9660996
9656504
9782610
9782502
9728802
9706287
9539806
9711011
9708481
9683784
9540968
9672375
9788492
9706744
9767022
9788816
9788798
9785302
9788975
9768240
9738893
9738837
9738554
9738489
9737584
9736747
9736520
9735957
9734091
9717388
9700286
9699343
9664017
9660953
9647930
9629445
9625743
9616111
9681924
9648565
9738677
9788514
9788458
9793847
9788894
9788442
9788383
9788350
9788581
9788524
9793748
9515449
9788489
9793968
9694501
9793681
9788841
9788863
9788462
9788483
9782329
9793829
9793934
9788903
9794005
9794004
9788748
9788603
9793811
9788609
9774228
9713825
9693473
9689630
9678387
9665614
9661105
9650799
9626781
9623048
9621828
9552609
9506986
9572126
9702222
9544023
9660812
9715998
9757056
9627200
9750507
9616271
9750496
9764474
9689185
9693336
9671949
9631677
9716559
9450805
9618600
9693947
9639052
9743907
9508367
9689455
9631241
9716086
9689605
9663588
9630557
9732996
9708443
9686002
9738585
9706545
9641974
9736550
9706248
9723302
9698709
9690193
9733312
9699587
9711396
9788384
9793982
9788774
9788614
9664809
9616483
9788645
9793632
9794013
9788954
9793805
9782728
9788942
9776612
9793698
9788976
9788876
9788801
9793781
9788905
9788552
9788431
9793843
9788879
9793654
9788791
9788548
9793987
9778113
9793972
9793799
9788451
9793669
9788815
9793764
9788495
9786847
9793697
9788563
9788513
9788331
9788367
9793707
9788616
9788829
9793666
9788164
9788648
9788808
9793841
9793940
9788308
9794002
9775362
9788409
9787988
9788477
9793923
9793913
9793810
9788838
9788772
9787544
9788314
9642341
9644674
9679895
9655474
9671701
9663701
9697422
9672020
9647920
9693693
9692276
9687082
9513708
9665589
9666074
9690555
9616461
9684465
9700345
9700330
9691893
9700278
9699884
9699837
9699817
9688242
9648483
9591423
9700092
9700048
9642206
9699934
9699922
9699918
9699888
9699761
9698541
9691989
9687031
9700210
9700180
9699880
9698282
9594795
9538351
9646033
9678665
9590442
9643151
9700635
9700812
9701126
9698911
9699279
9657277
9571961
9539382
9563692
9539113
9658451
9614473
9682691
9695606
9700195
9700212
9698823
9705686
9728711
9729377
9729241
9729232
9610105
9694331
9663816
9732761
9743796
9739222
9717732
9696074
9688618
9745214
9745082
9745329
9745281
9745237
9745209
9745165
9745084
9704422
9745522
9745424
9745293
9745213
9739558
9704519
9723303
9722085
9521932
9739139
9692272
9743446
9742854
9743301
9740074
9736601
9638937
9745638
9745630
9745602
9739761
9656744
9743970
9700078
9748934
9743219
9747577
9734053
9518584
9749690
9749528
9700226
9544533
9668798
9701873
9701353
9679009
9723285
9735306
9710914
9564084
9712932
9735077
9735234
9734774
9733897
9733822
9733793
9733462
9623955
9628322
9677399
9617304
9741926
9688615
9733650
9733160
9730188
9730408
9731650
9710572
9755997
9709814
9756101
9756064
9751464
9750735
9756408
9756322
9756268
9756210
9756531
9752406
9756798
9740379
9491138
9737852
9757357
9757351
9757334
9757330
9757318
9757270
9757248
9745370
9736963
9736922
9715346
9676976
9757578
9757572
9757569
9757530
9757526
9757518
9757515
9757490
9757485
9757476
9757456
9757445
9757436
9757435
9757432
9757427
9757423
9757417
9757407
9757403
9757401
9757398
9757390
9757386
9757383
9757369
9757365
9757362
9757356
9757292
9757268
9757218
9757142
9757084
9757058
9756879
9756776
9756772
9756709
9756664
9755242
9754323
9754201
9745735
9745294
9736608
9696253
9681261
9659454
9634893
9757708
9757685
9757649
9757633
9757621
9757616
9757612
9757609
9757582
9757548
9757547
9757501
9757457
9757370
9756807
9756799
9744760
9720801
9717468
9531535
9757812
9757766
9757763
9757757
9757735
9757722
9757696
9757688
9757667
9757607
9757555
9757015
9756739
9730209
9707084
9649234
9741217
9656225
9575189
9677904
9689916
9689224
9683169
9538714
9681925
9740984
9755072
9710765
9755502
9750971
9755723
9748480
9748291
9749643
9752543
9752547
9752313
9752031
9738192
9753052
9606187
9671787
9751391
9755715
9656660
9753485
9752238
9751454
9751289
9751650
9751647
9751616
9751590
9751582
9751581
9751562
9751553
9751512
9751399
9751327
9751248
9750776
9748053
9747104
9745547
9744180
9737612
9736422
9654603
9751655
9751660
9751613
9751612
9751583
9751508
9751415
9749191
9751672
9751238
9751301
9751280
9751272
9751229
9751157
9750975
9750645
9748615
9733938
9751421
9751397
9751381
9751376
9751369
9751367
9751353
9751340
9751335
9751308
9751277
9751274
9751254
9751222
9751151
9751123
9750883
9728269
9726587
9686233
9672396
9649470
9751534
9751533
9751530
9751520
9751514
9751494
9751479
9751463
9751458
9751447
9751443
9751375
9751358
9751296
9751203
9751129
9749634
9740455
9685118
9645203
9751521
9751968
9515298
9651437
9677867
9676223
9731746
9694773
9541740
9733945
9685982
9547813
9697979
9591499
9702363
9699241
9694560
9663685
9503976
9581538
9724760
9721993
9590930
9710321
9721822
9658864
9677523
9660583
9657558
9712898
9645577
9681438
9681419
9425086
9704795
9692385
9691888
9617968
9692855
9749452
9745239
9617862
9593444
9554710
9757094
9750221
9558312
9716035
9682775
9731926
9786607
9747544
9646938
9788211
9685613
9732366
9732110
9724193
9727627
9637761
9637558
9633346
9594196
9527672
9485491
9751498
9733964
9733930
9733868
9733812
9733704
9733673
9733516
9733421
9733343
9732293
9724326
9724289
9722294
9722089
9717683
9715762
9711862
9711672
9710573
9710322
9701256
9700123
9700046
9697041
9694878
9685260
9666506
9666117
9660168
9638242
9675627
9706189
9706059
9531552
9452342
9711778
9704689
9737948
9735413
9613560
9675802
9638536
9728592
9734369
9788571
9654154
9789072
9788770
9788738
9789174
9760491
9739507
9739224
9739103
9739093
9738895
9738820
9738342
9738156
9736469
9553825
9537850
9507677
9501907
9726469
9725642
9724032
9717618
9716935
9714345
9705696
9665894
9664170
9657144
9633549
9630892
9626441
9624118
9620841
9789338
9789111
9739464
9789310
9733883
9624385
9789039
9794211
9709058
9789448
9789402
9789058
9789082
9794160
9776909
9740079
9674802
9794175
9794173
9794163
9777083
9744372
9794259
9794238
9794235
9782884
9789498
9789420
9789027
9794319
9794100
9789316
9789211
9789200
9789193
9789483
9794161
9794189
9789176
9794200
9794287
9789340
9794278
9794114
9789413
9789150
9794187
9794215
9794126
9794390
9794087
9640791
9723974
9718081
9717837
9717671
9695820
9695648
9690745
9689307
9664672
9632625
9627139
9626974
9616103
9615216
9604921
9603877
9421542
9691207
9039697
9706173
9642600
9371164
9751528
9659061
9644911
9680714
9717780
9770889
9694635
9731363
9678453
9690315
9715912
9764996
9757044
9700312
9576803
9657352
9724136
9665293
9664184
9616434
9537947
9656816
9651220
9605702
9637089
9629167
9657334
9700438
9642906
9516251
9380871
9782991
9782858
9780148
9656578
9479561
9786919
9691475
9788184
9792684
9699674
9752124
9751978
9746497
9755523
9794138
9783166
9680565
9783219
9783132
9773932
9706882
9700894
9789087
9789432
9789365
9794045
9789377
9787659
9794308
9789284
9789016
9789045
9794294
9789313
9794088
9788994
9789239
9794293
9789194
9789101
9789220
9789433
9794231
9789229
9789348
9789094
9789041
9794290
9794096
9794304
9789326
9794194
9794146
9789445
9794130
9788881
9792688
9787405
9794039
9789075
9789130
9789190
9787579
9792753
9789460
9789175
9794262
9794361
9789025
9794203
9782894
9794227
9789081
9785133
9789093
9789334
9786076
9786012
9789319
9789505
9789480
9789209
9794327
9789450
9789497
9789441
9789273
9789210
9789485
9787444
9787308
9787692
9789404
9789493
9787400
9789071
9793349
9676963
9681720
9697440
9695812
9694246
9696424
9694955
9696020
9694756
9611770
9684218
9678396
9649742
9628261
9698124
9409412
9677882
9558954
9700455
9700296
9700236
9690877
9567346
9700552
9700456
9695537
9690910
9684707
9636667
9626485
9617470
9700702
9700650
9700542
9627775
9540906
9628856
9539548
9539018
9700730
9700703
9700540
9683224
9682458
9617188
9699006
9647304
9700847
9700739
9700520
9698182
9599176
9544376
9694819
9696456
9696133
9693895
9675962
9666088
9661869
9558805
9700748
9689327
9649394
9644819
9518727
9657228
9657367
9583315
9660381
9658363
9441625
9695542
9623657
9518055
9604782
9713162
9698664
9700311
9651184
9698231
9471673
9728825
9729203
9729652
9729506
9686492
9729535
9729306
9688507
9743945
9744156
9651813
9722096
9734925
9747956
9747574
9699375
9730241
9665129
9376352
9739028
9745542
9739744
9723286
9739782
9415952
9743578
9738135
9742559
9722658
9735765
9725595
9744274
9746015
9745919
9745846
9745019
9744967
9724902
9746144
9746087
9745962
9746411
9746319
9746286
9249175
9221580
9221399
9746553
9721722
9102515
9692561
9746706
9740351
9745931
9748490
9735704
9573608
9747410
9416726
9747611
9747408
9648186
9749574
9749685
9699526
9702558
9703150
9703188
9596566
9552969
9655148
9596779
9596702
9651663
9700643
9651630
9651504
9698945
9599099
9545086
9544886
9690322
9673300
9721581
9698941
9611518
9734271
9734107
9684949
9674708
9674783
9734292
9735465
9211719
9726277
9715534
9722822
9694115
9729981
9729562
9729989
9608491
9752638
9751992
9750225
9756875
9749872
9742302
9523863
9745085
9744793
9741655
9750719
9750423
9749658
9749581
9650209
9757128
9755880
9757282
9757163
9658996
9757415
9658791
9757661
9749825
9752646
9757935
9757885
9757875
9757855
9757849
9757831
9757829
9757782
9756458
9752403
9752174
9751519
9747774
9740914
9667064
9699333
9720839
9757472
9757462
9747550
9745392
9745008
9758041
9757991
9757980
9757947
9757933
9757930
9757910
9757904
9696633
9596517
9758194
9758185
9758168
9758155
9758151
9758112
9758049
9758036
9758029
9757911
9757905
9757658
9757600
9757378
9757255
9756545
9756323
9756149
9755019
9751852
9751430
9751325
9750514
9758085
9758069
9758062
9758022
9757989
9757895
9757814
9757741
9757580
9757138
9756479
9744405
9699318
9672456
9688628
9679138
9673922
9699712
9749628
9731114
9755202
9752440
9752157
9743831
9755554
9755445
9751895
9755657
9751668
9747797
9751635
9740506
9574174
9744557
9744766
9743805
9701619
9612042
9755208
9615081
9752152
9751914
9557354
9584172
9658427
9744674
9751638
9751659
9751597
9751861
9751845
9751824
9751820
9751811
9751810
9751784
9751764
9751682
9751646
9751628
9751101
9750916
9742317
9718065
9712392
9709768
9697884
9751767
9751749
9751746
9751722
9751703
9751696
9751683
9751673
9751654
9751564
9743324
9719449
9639136
9752030
9752002
9751981
9751956
9751946
9751945
9751939
9751936
9751921
9751919
9751917
9751912
9751904
9751898
9751884
9751862
9751856
9751851
9751814
9751769
9750756
9747982
9744849
9724451
9699560
9750870
9750293
9751169
9740925
9751537
9752070
9751979
9751955
9740740
9684169
9667635
9752073
9752059
9752046
9752025
9752012
9751980
9751964
9748250
9748056
9747870
9747842
9744311
9740578
9710240
9690009
9678066
9752181
9752177
9752172
9752154
9752131
9752115
9679508
9662680
9662589
9627760
9777244
9739701
9771343
9777439
9666722
9743650
9718553
9706498
9587145
9586711
9666466
9657860
9682790
9601194
9622323
9695650
9751809
9706628
9704637
9656362
9694567
9665590
9752148
9672171
9592684
9585942
9601855
9636373
9704516
9632760
9587252
9553380
9622814
9682175
9555553
9632951
9686904
9711464
9667655
9605844
9633819
9633561
9603428
9547443
9713425
9695519
9704321
9701671
9617213
9725434
9603847
9696559
9655535
9661910
9405258
9632907
9758212
9699186
9691090
9525889
9656950
9758192
9758183
9758142
9700842
9690957
9751138
9746287
9656319
9655190
9623425
9604841
9580113
9671769
9748398
9758245
9712072
9723794
9723148
9721582
9735390
9738198
9751950
9789803
9742677
9722783
9712101
9594031
9783764
9783725
9783344
9724556
9692582
9642244
9642171
9640943
9637292
9637035
9635113
9627051
9535858
9535286
9533423
9482323
9459367
9757433
9751894
9734335
9734289
9734186
9733682
9732718
9729492
9724411
9723901
9723368
9718589
9718459
9717688
9717302
9715240
9713912
9712456
9712273
9711779
9710979
9710213
9709984
9707236
9700526
9698183
9694875
9685359
9682934
9682799
9682659
9681245
9680851
9679069
9678787
9677923
9676325
9668300
9666889
9666676
9662036
9654921
9672538
9586336
9783683
9783585
9783518
9779523
9789843
9789767
9789778
9789925
9789919
9789889
9790027
9789773
9722821
9684307
9789017
9764658
9739975
9739767
9739751
9739743
9739654
9739570
9739365
9735350
9492591
9734483
9734319
9734123
9733653
9731853
9726748
9718678
9715257
9714333
9713845
9707096
9702173
9691470
9690561
9689719
9689066
9688564
9686010
9683226
9679953
9657588
9644849
9637263
9740466
9721348
9472819
9674241
9789542
9783172
9789612
9789592
9789152
9772240
9789742
9794520
9794540
9794528
9719685
9794641
9781785
9746388
9746172
9789530
9789645
9783503
9789620
9794473
9794483
9789737
9794387
9794635
9790021
9794474
9794595
9789821
9591141
9723263
9718399
9712926
9712256
9711355
9695422
9688840
9672785
9646244
9639721
9636319
9626126
9623833
9598517
9598426
9496859
9701580
9335416
9333518
9679907
9720775
9690495
9482181
9560760
9677315
9656375
9655121
9654755
9640138
9516619
9489142
9359717
9560927
9608372
9710345
9583322
9685662
9672674
9668161
9548450
9537210
9724433
9713613
9665858
9571810
9639993
9537084
9732001
9624867
9587326
9633789
9752052
9692218
9752612
9759424
9480280
9718755
9709798
9656117
9655888
9655678
9645628
9640409
9457957
9741714
9729576
9734120
9734239
9702031
9793769
9794522
9781712
9789687
9789760
9789748
9789736
9789730
9783436
9789529
9789531
9789553
9789848
9786961
9789754
9789653
9789908
9789548
9790052
9794577
9777656
9789678
9789890
9780684
9794440
9789561
9794653
9789766
9794459
9789839
9794547
9789771
9789642
9789881
9794460
9786708
9789913
9789728
9789997
9794471
9789733
9789701
9789793
9789916
9783496
9789941
9789952
9783722
9789884
9794503
9794037
9789681
9789476
9794502
9789677
9787630
9789770
9789584
9794513
9794508
9789714
9794569
9789580
9789546
9789521
9789717
9789673
9790000
9794634
9585608
9691787
9694049
9682876
9699053
9479036
9530959
9693989
9700937
9700770
9683201
9682139
9681644
9661427
9621459
9701023
9700976
9700933
9700786
9700681
9698827
9677723
9657357
9633905
9621042
9632534
9568523
9701213
9701202
9701201
9701104
9701079
9700947
9683368
9678574
9671575
9671371
9644504
9643828
9640308
9600027
9701175
9700959
9700571
9652350
9651987
9701414
9701321
9701283
9698073
9647951
9546338
9701160
9725398
9724987
9673547
9593569
9586920
9701445
9685997
9616333
9728890
9729744
9729793
9729466
9729854
9729826
9729922
9729645
9729866
9671107
9700939
9700583
9699961
9651646
9748241
9748215
9738171
9661022
9583780
9742857
9713538
9587113
9746267
9746550
9746444
9746405
9746775
9746656
9746487
9746845
9746747
9746611
9719304
9651769
9700654
9746966
9727287
9726571
9746058
9704617
9749073
9748471
9748597
9652039
9745927
9744447
9749097
9746908
9691877
9468837
9712558
9702054
9617815
9696122
9648069
9626811
9561032
9734501
9734429
9732948
9619075
9734762
9734675
9733760
9726659
9741468
9740614
9731727
9556462
9731894
9709765
9705222
9730037
9727605
9631216
9752686
9752514
9752247
9752049
9662119
9752283
9752268
9752206
9751827
9752553
9752395
9730239
9690829
9755171
9682629
9749406
9746181
9742903
9553383
9652028
9746755
9752557
9752231
9704035
9689541
9752586
9745393
9758048
9752767
9752497
9752462
9752290
9703390
9699486
9615849
9751607
9744047
9515326
9752234
9743555
9609566
9755646
9752763
9752271
9673602
9628999
9752457
9752393
9752611
9752676
9752396
9725112
9752636
9752331
9753463
9752302
9576932
9752398
9752099
9745283
9661688
9723562
9561113
9752773
9752539
9750886
9749631
9741447
9738888
9752326
9751870
9752187
9738838
9713828
9693958
9752476
9465204
9713692
9699996
9706726
9751907
9750869
9747396
9742953
9731582
9752198
9752297
9776337
9731213
9777623
9752087
9718912
9718182
9677196
9672416
9721746
9721709
9656912
9680768
9638974
9666851
9633287
9668230
9678800
9700903
9700749
9667035
9719773
9713234
9771916
9771706
9729805
9716816
9771661
9712713
9623056
9615189
9683123
9597121
9723279
9684611
9684342
9638388
9634375
9623293
9611263
9461420
9722830
9701768
9713254
9713124
9654342
9669950
9661118
9648252
9703691
9672352
9715614
9701032
9643212
9758452
9758360
9758349
9758338
9758319
9758318
9758305
9758280
9758279
9758244
9758152
9758113
9758089
9757985
9757466
9752734
9751899
9749041
9700751
9758589
9758552
9758521
9758506
9758502
9758491
9758474
9758455
9758444
9758439
9758403
9756187
9750974
9748142
9745938
9732987
9710092
9682220
9629939
9758693
9758683
9758622
9758617
9758609
9758558
9758545
9758522
9758410
9758233
9757524
9755900
9753163
9752469
9751711
9751449
9745966
9745192
9743070
9741597
9758800
9758657
9713265
9714869
9690836
9682318
9667821
9584074
9473275
9758902
9758829
9758819
9758817
9758752
9758700
9758671
9758642
9758620
9758611
9758507
9758383
9758345
9757027
9755342
9753870
9747787
9743179
9735276
9718645
9649409
9758532
9758368
9414792
9753912
9752548
9658418
9762396
9684634
9601253
9737755
9740246
9683866
9738471
9610348
9739870
9675195
9655251
9686835
9771296
9740247
9740167
9739907
9738793
9735796
9735004
9734685
9726627
9718801
9710285
9707564
9707394
9707382
9691281
9691105
9690773
9685867
9661286
9596951
9589476
9567058
9531019
9437478
9713976
9672258
9724938
9662308
9627861
9696100
9783936
9775960
9680297
9673597
9772569
9684579
9605283
9604571
9608800
9725007
9684230
9721157
9721139
9730096
9691128
9684782
9790130
9790043
9741930
9790382
9790401
9633064
9726229
9794829
9790252
9789820
9790483
9784238
9752225
9790500
9790282
9790103
9790162
9794886
9789218
9790387
9790062
9787375
9719361
9719186
9719038
9719003
9718720
9718699
9714556
9711909
9709143
9698389
9693492
9681677
9667360
9667270
9651110
9616566
9526599
9462055
9411533
9367611
9284845
9668654
9706268
9713014
9626539
9626315
9333213
9660805
9725172
9667577
9689302
9651653
9710368
9670885
9677532
9621829
9617376
9617257
9538007
9537293
9633486
9621018
9624340
9621363
9556824
9395760
9764179
9711048
9690438
9683539
9649670
9613064
9713256
9598102
9765685
9779878
9679073
9684820
9706931
9731528
9722751
9713040
9683516
9752361
9740435
9734947
9734876
9734772
9734643
9734632
9734559
9734546
9734276
9732352
9730822
9728851
9725230
9718710
9715131
9713022
9712668
9712659
9711127
9710255
9706715
9705744
9701164
9685186
9685098
9684978
9678553
9678139
9667378
9667163
9650136
9635091
9618464
9615481
9565262
9794656
9790441
9773567
9779375
9794711
9790443
9790419
9790555
9794788
9794701
9774737
9790340
9794693
9794728
9790033
9794751
9794724
9790258
9783829
9790687
9790638
9790064
9788391
9790404
9786758
9764302
9794827
9794716
9787206
9794770
9790310
9778029
9794897
9794815
9794779
9790327
9794763
9790652
9790353
9790379
9790349
9794823
9790523
9790331
9790557
9790050
9794789
9780954
9790390
9790569
9794655
9790338
9794876
9790374
9680105
9563863
9487946
9696580
9694815
9696235
9696984
9589654
9664629
9686115
9632250
9699522
9539767
9700782
9691466
9698229
9609314
9657808
9701102
9685485
9701622
9701368
9701317
9701066
9700859
9666697
9664495
9665353
9478775
9625955
9621942
9658240
9662406
9723891
9723371
9640854
9713859
9704343
9728723
9728693
9423009
9541558
9541407
9468754
9469872
9692011
9691957
9662640
9728238
9728358
9728510
9333401
9729973
9728718
9741131
9741120
9380955
9741255
9741493
9735133
9701460
9746990
9746960
9749021
9748719
9747181
9746963
9609501
9527724
9747671
9747590
9747496
9737366
9747421
9746897
9746749
9745910
9654858
9747249
9598647
9723392
9701019
9749233
9743689
9691414
9658257
9363550
9702118
9701633
9701355
9701892
9701716
9689381
9684453
9667959
9646605
9702041
9701948
9701940
9701893
9701769
9701736
9701288
9695188
9683901
9677649
9677482
9663010
9657414
9646973
9633103
9735148
9605668
9577808
9644118
9616026
9735132
9732754
9732453
9481276
9732961
9732339
9731945
9731879
9699623
9551121
9731187
9717123
9753231
9701816
9753222
9753021
9752987
9752925
9755005
9752809
9756793
9753292
9753124
9751121
9750995
9739443
9658721
9611709
9753046
9752691
9719568
9753450
9556438
9753087
9758181
9753440
9752919
9698782
9658077
9648947
9490372
9753000
9746780
9490205
9753462
9753437
9753078
9691771
9515888
9753266
9753182
9752861
9752941
9752770
9754784
9754782
9754822
9754874
9754930
9753216
9753330
9752649
9739255
9729358
9753156
9752956
9673320
9753116
9752624
9751416
9666951
9639495
9620257
9588051
9753382
9753002
9737554
9691590
9672513
9655699
9736567
9736314
9732750
9728417
9753503
9753366
9753158
9753147
9753025
9748479
9753123
9709837
9753538
9753497
9753491
9753490
9753364
9753287
9753274
9753246
9753196
9753126
9752906
9750874
9747177
9746473
9746314
9746157
9746012
9752310
9752264
9753311
9689032
9752354
9751640
9751812
9751724
9751931
9751891
9751871
9751836
9747063
9728135
9692054
9751438
9752080
9778764
9752981
9758734
9704100
9703983
9689641
9679429
9657955
9634411
9633986
9618319
9752056
9717896
9713306
9577402
9333528
9438154
9720017
9667180
9652492
9642239
9628367
9628105
9611891
9611710
9561097
9701211
9508846
9446408
9666968
9633276
9663166
9657957
9708141
9691156
9652256
9691561
9614267
9685458
9702053
9768284
9574672
9741087
9720050
9691367
9532843
9691486
9676194
9662332
9665720
9635133
9628172
9712838
9606358
9677518
9710955
9659559
9672972
9757901
9747079
9758332
9752306
9758526
9758497
9757106
9756094
9754875
9759117
9759102
9759063
9758961
9758953
9758875
9758874
9758852
9758689
9758167
9757742
9757429
9756576
9756311
9756308
9753655
9751700
9750506
9748801
9748775
9747615
9712871
9620764
9595664
9527297
9534467
9319122
9759177
9759140
9759100
9758832
9758333
9753003
9759371
9759366
9759354
9759302
9759271
9759253
9759243
9759231
9759219
9759209
9759195
9759184
9759136
9759128
9759080
9758984
9758927
9758763
9758342
9757630
9757363
9756887
9756683
9756588
9753423
9753340
9752852
9752344
9741924
9740580
9740452
9735461
9721229
9720861
9678105
9579427
9543011
9759577
9759555
9759538
9759532
9759399
9759351
9759307
9759296
9759181
9759144
9759098
9757675
9755927
9733922
9675840
9506399
9514582
9686187
9685526
9634397
9501043
9759107
9645022
9790924
9790735
9791102
9763262
9678485
9691965
9642709
9791377
9791367
9791314
9791159
9740719
9737414
9721797
9719742
9719703
9718006
9707417
9691428
9691024
9689583
9689440
9677019
9671315
9666076
9651311
9631166
9621324
9791279
9791292
9790711
9790681
9712798
9679476
9735507
9780736
9734744
9679290
9784927
9784270
9685946
9735145
9734989
9650263
9659988
9735489
9679611
9520027
9631081
9421257
9777651
9766201
9657004
9788438
9772537
9746933
9745981
9731567
9790857
9791353
9597037
9772943
9790813
9795005
9790910
9790929
9790895
9791361
9794961
9791173
9795109
9586123
9725984
9725853
9725709
9719881
9715603
9713000
9709790
9693864
9692018
9691704
9690882
9687115
9667909
9664417
9662439
9639159
9638451
9583811
9567702
9461387
9455626
9226765
9617947
9679819
9722158
9667879
9643701
9769821
9718551
9537888
9450799
9713849
9650976
9639743
9729060
9667992
9714028
9546911
9635757
9713436
9719240
9766231
9766054
9725880
9649519
9584830
9715888
9713858
9361538
9748581
9705940
9680957
9697826
9773091
9753192
9735452
9735334
9735158
9735134
9726111
9725708
9721357
9717032
9713867
9713736
9713353
9709907
9704766
9704413
9702070
9701685
9701420
9700587
9699505
9699365
9687157
9686094
9685853
9685540
9685500
9683934
9680020
9677694
9673813
9671939
9667900
9667236
9662616
9652139
9640949
9620894
9539116
9511358
9481953
9794992
9790900
9744258
9791305
9790816
9791237
9792995
9791164
9791256
9790860
9791136
9791226
9790826
9790887
9791268
9791097
9790888
9790797
9791285
9790641
9790943
9790867
9790720
9795066
9791363
9772892
9790704
9793309
9795117
9790979
9791150
9778845
9786924
9791272
9791289
9794940
9791104
9731848
9791043
9790700
9791162
9786776
9790941
9795002
9790906
9795093
9790934
9791276
9791006
9790913
9795068
9791250
9790647
9791308
9791329
9791140
9790398
9787707
9652983
9697555
9694257
9696898
9697838
9679738
9621227
9679751
9699159
9580908
9701553
9679905
9698021
9590854
9504524
9408404
9659105
9675492
9726343
9702000
9692329
9692143
9692108
9692055
9718922
9747992
9747944
9745355
9735596
9739360
9748839
9686376
9745198
9747853
9747680
9747606
9743920
9675481
9702170
9700990
9702564
9699463
9628638
9538299
9702705
9702021
9698879
9698407
9697351
9702605
9702478
9701962
9700949
9700454
9698300
9686238
9670495
9654596
9645249
9673394
9680755
9674529
9156574
9735707
9735643
9725040
9616187
9725865
9553407
9740693
9741063
9732703
9646345
9729735
9730306
9731252
9755756
9753329
9710491
9755971
9755305
9743161
9755829
9702630
9746465
9750301
9733135
9728524
9756713
9639725
9743168
9732099
9753890
9752670
9735619
9753100
9582838
9752762
9712075
9754010
9571215
9753913
9753906
9753893
9753873
9753861
9753848
9753819
9753794
9753791
9753744
9753724
9753539
9753458
9753443
9753370
9752942
9752604
9748305
9748281
9747740
9742231
9733016
9730098
9699642
9685615
9655852
9753988
9753983
9753979
9753931
9753916
9753898
9753896
9753779
9753579
9751513
9748345
9746422
9754016
9754015
9754047
9754031
9754023
9753970
9753952
9753902
9753019
9750043
9731360
9723680
9719142
9543682
9728268
9753784
9753771
9753762
9753722
9753719
9753717
9753642
9753627
9753619
9753511
9753044
9752257
9751731
9692526
9687682
9657545
9748594
9754017
9753681
9753384
9751843
9728127
9699957
9753651
9753585
9753533
9753512
9753358
9749318
9745498
9744464
9742778
9742608
9742566
9741434
9736426
9753868
9750333
9708006
9754053
9754029
9753976
9753492
9750654
9754568
9754630
9751507
9751017
9751830
9578446
9685188
9753821
9774096
9609475
9708555
9676557
9658413
9652343
9649896
9645419
9602759
9512244
9335315
9335092
9440250
9698629
9714247
9467974
9652841
9478968
9720233
9646704
9680133
9670057
9667585
9645987
9628305
9620913
9720536
9692008
9658973
9677213
9704791
9694134
9768362
9768302
9720169
9670524
9769217
9768339
9726313
9571189
9720039
9611958
9757744
9712497
9704007
9667251
9773434
9668797
9718446
9756970
9756750
9752812
9554515
9753998
9758226
9753908
9753802
9753386
9652103
9561325
9755768
9752193
9618612
9756150
9753203
9751763
9751708
9759283
9685512
9677999
9758664
9724629
9759830
9759794
9759744
9759739
9759719
9759664
9759589
9759040
9758351
9744321
9740612
9726114
9605612
9759682
9759669
9759647
9759636
9759322
9758629
9758396
9719196
9718380
9759960
9759942
9759912
9759900
9759890
9759727
9750118
9741610
9734089
9682237
9637058
9760136
9760120
9760090
9760083
9760062
9760048
9760047
9760046
9760013
9760010
9759994
9759985
9759952
9759951
9759923
9759882
9759746
9759737
9759670
9759614
9758728
9758016
9757939
9757898
9756756
9755235
9754535
9754151
9737539
9716894
9692715
9690793
9678633
9664447
9487930
9772885
9668590
9791386
9791004
9640747
9740639
9730255
9720533
9720424
9720401
9719367
9716187
9696353
9691935
9683141
9680199
9655674
9467311
9783462
9791627
9791565
9791428
9791359
9789858
9791670
9778855
9612549
9791795
9791767
9791526
9707609
9668209
9615253
9785387
9774333
9713956
9702648
9702646
9517121
9785825
9720753
9663102
9661422
9737132
9735985
9658766
9606335
9735938
9727621
9769715
9687155
9785271
9795205
9795191
9791760
9795266
9791813
9791596
9791592
9791797
9791643
9791835
9791416
9791497
9795192
9791698
9795242
9795299
9620916
9720398
9691508
9668857
9656534
9641666
9641220
9634825
9628403
9617018
9421417
9720429
9665197
9547572
9602160
9385971
9582149
9478959
9737362
9632871
9737702
9537642
9537432
9537230
9723558
9702278
9307032
9306821
9713925
9735910
9687303
9739956
9736701
9603879
9736078
9735930
9735832
9735661
9735082
9734094
9726173
9725228
9721077
9720452
9712873
9712372
9711812
9711712
9703422
9702703
9702536
9702039
9696024
9693254
9691717
9686487
9686379
9680300
9668525
9667535
9661703
9657406
9646820
9645311
9625895
9599681
9457735
9435698
9402534
9352168
9795173
9795225
9795184
9761982
9791709
9795265
9640315
9791849
9791604
9791693
9791630
9791616
9791852
9791832
9791628
9791418
9795226
9791733
9791716
9791676
9791739
9791662
9791558
9795243
9790514
9791772
9791515
9791493
9791691
9795287
9795282
9795152
9791594
9791586
9791651
9791599
9791368
9795236
9791763
9795249
9795199
9791679
9795264
9791602
9791560
9791834
9795200
9792864
9791800
9791501
9791564
9795073
9791540
9795177
9791635
9791603
9795297
9795294
9795290
9795288
9795284
9697575
9551892
9688412
9614896
9699414
9701504
9594546
9727184
9706308
9678058
9748226
9747950
9671396
9748113
9748002
9704896
9275814
9671136
9748331
9702875
9684194
9748450
9702894
9669495
9658457
9702887
9701174
9655167
9486930
9564781
9702104
9686823
9572315
9702898
9702823
9695303
9695013
9501124
9702500
9626630
9735783
9742184
9737415
9730357
9720945
9730765
9730770
9730779
9730778
9730776
9730774
9730772
9730775
9731081
9731048
9731096
9725445
9752525
9756137
9756095
9755958
9755947
9755886
9750170
9748069
9747594
9714757
9757646
9757878
9707860
9754241
9746476
9753990
9754144
9754116
9754111
9754108
9754097
9754081
9754072
9754059
9752998
9752829
9747359
9736500
9736050
9543114
9752841
9745323
9744733
9707362
9703259
9603565
9603204
9593600
9547126
9754226
9754219
9754203
9754164
9754153
9754147
9754137
9754130
9754125
9754091
9754076
9717304
9752869
9750390
9754395
9754337
9754291
9754256
9751392
9731079
9567356
9754374
9754372
9754361
9754356
9754329
9754322
9754321
9754319
9754310
9754309
9754283
9754262
9754260
9754259
9753981
9752319
9748261
9754330
9754159
9754113
9754376
9754303
9754302
9754295
9754293
9754267
9754264
9754263
9754252
9754242
9754234
9754170
9754163
9752085
9754074
9680609
9752212
9434433
9742393
9475428
9740713
9647700
9703179
9706417
9777426
9709069
9708517
9692603
9655976
9612050
9708506
9721479
9767708
9767675
9692580
9668786
9567559
9658967
9488794
9714692
9742847
9613276
9607374
9707650
9720723
9639128
9672059
9750259
9745477
9760198
9760192
9760187
9760176
9760133
9760125
9760124
9760111
9760105
9760070
9760030
9760020
9759844
9757983
9757859
9731238
9726981
9665974
9607796
9760492
9760481
9760453
9760446
9760444
9760439
9760438
9760437
9760425
9760423
9760418
9760414
9760410
9760395
9760357
9760319
9760250
9760241
9760186
9759426
9754774
9753929
9752715
9739240
9733856
9723067
9699128
9687348
9668738
9490400
9760411
9760381
9760378
9760375
9760359
9760356
9760346
9760318
9760302
9760231
9760206
9760147
9760002
9759961
9758945
9758672
9757273
9755994
9748287
9722256
9683033
9670896
9639780
9760340
9760301
9760300
9760293
9760287
9760283
9760281
9760276
9760273
9760262
9760261
9760254
9760243
9760220
9760213
9760209
9760200
9760159
9760049
9759972
9759959
9759881
9759832
9759245
9759034
9758813
9758441
9757705
9755758
9755612
9755397
9755186
9754013
9753010
9748614
9744217
9733691
9692992
9679691
9674052
9651775
9688342
9760376
9723215
9704123
9726087
9721028
9696631
9740300
9718257
9711763
9759668
9758947
9744190
9759603
9752058
9741909
9791906
9791644
9792036
9791971
9648260
9760263
9742236
9742186
9742179
9742068
9741999
9741853
9702978
9679560
9602467
9779808
9741719
9732584
9760482
9758304
9727072
9720885
9732254
9734173
9723667
9758158
9792096
9791885
9791862
9795414
9793392
9792126
9792061
9795432
9791901
9777564
9795413
9791939
9792147
9792047
9792064
9795404
9726492
9720267
9718440
9713319
9686067
9668959
9601182
9541733
9500470
9706804
9722719
9692434
9720514
9708829
9720905
9692864
9633274
9664408
9657892
9753586
9647819
9753249
9741372
9729789
9728796
9728635
9728497
9728871
9728714
9727329
9753777
9742145
9741329
9740242
9739874
9736273
9736181
9736156
9735531
9730329
9730133
9729511
9729425
9729414
9729236
9729187
9729175
9729055
9729016
9728925
9728902
9728601
9728485
9728343
9726997
9726903
9726861
9726825
9726712
9726596
9726410
9726136
9724644
9724218
9722558
9721453
9721048
9720928
9720780
9718594
9714446
9714397
9712545
9709996
9708099
9707317
9706363
9703868
9703010
9702892
9702211
9701783
9701550
9700803
9699433
9696232
9695487
9692566
9691204
9686871
9684676
9684420
9683041
9682980
9674639
9674156
9673704
9673600
9672522
9672071
9671901
9668321
9668216
9663606
9662092
9654511
9652899
9651652
9650962
9649072
9647471
9643297
9640257
9639623
9634108
9631773
9630886
9621965
9600629
9600601
9597495
9594230
9513203
9463565
9457490
9438739
9422116
9407602
9795373
9791984
9795440
9792111
9791978
9791965
9791952
9795327
9795428
9795412
9792153
9792012
9791994
9791930
9791954
9795361
9795343
9705378
9795405
9697910
9693207
9792042
9791949
9795351
9795339
9791933
9792170
9795271
9791707
9697579
9697595
9586111
9696663
9697651
9697650
9641143
9641067
9532412
9702958
9684481
9748539
9707506
9708154
9748605
9748533
9748610
9748580
9629200
9749738
9703045
9701703
9683954
9665571
9548105
9697045
9713346
9734327
9730299
9730495
9703794
9667956
9757907
9755344
9753752
9745695
9754453
9754440
9754430
9754421
9754413
9754397
9754318
9744528
9741039
9693186
9642979
9754483
9754479
9754472
9754468
9754465
9754463
9754439
9754436
9754425
9754415
9754411
9754392
9754391
9754390
9754371
9754366
9753888
9748616
9748039
9754564
9754543
9754534
9754531
9754524
9754500
9754496
9754487
9754466
9754456
9754446
9754445
9754429
9754370
9754146
9754045
9748783
9724052
9687257
9657386
9641953
9641941
9641929
9754089
9754583
9754582
9754578
9754576
9754575
9754556
9754549
9754542
9754529
9754510
9754426
9742586
9754628
9754626
9754625
9754623
9754621
9754603
9754563
9754613
9754612
9752114
9727289
9613632
9714937
9722254
9714690
9665683
9643311
9760463
9760547
9760546
9760542
9760533
9760526
9760523
9760520
9760519
9760517
9760515
9760511
9760504
9760503
9760500
9760459
9756034
9755935
9751417
9748428
9739448
9739382
9736384
9727254
9706098
9698662
9696653
9663731
9660767
9653798
9596797
9760581
9760553
9760552
9760551
9760498
9760456
9760450
9760389
9757909
9755295
9754388
9723221
9711759
9698172
9696741
9690045
9688298
9584694
9760638
9760636
9760629
9760624
9760619
9760601
9760600
9760593
9760591
9760561
9760549
9760461
9760455
9749071
9729264
9502615
9760675
9760674
9760671
9760659
9760657
9760651
9760623
9760605
9760558
9760516
9760508
9760259
9756600
9748781
9712907
9681024
9732704
9721248
9792240
9792226
9792328
9792145
9762357
9742522
9742437
9741900
9736407
9727557
9727333
9710893
9687166
9680971
9672271
9652808
9785040
9786287
9786333
9681981
9792166
9792269
9795595
9792200
9795567
9795562
9795577
9792305
9792285
9792327
9792246
9792311
9795516
9792360
9795519
9709075
9648941
9647454
9652730
9691199
9417548
9767855
9736486
9727455
9721244
9721081
9721062
9714753
9709107
9706322
9702880
9702722
9702308
9693646
9693581
9692468
9692245
9691696
9682784
9674910
9657999
9655737
9655505
9647524
9634996
9792342
9708782
9706570
9680408
9792290
9792350
9792308
9792234
9792319
9795496
9795550
9792190
9792219
9792315
9792214
9792217
9792277
9708964
9708436
9707905
9792265
9795318
9795568
9792218
9693110
9680014
9659566
9792162
9792368
9792252
9792273
9791929
9795530
9795563
9795459
9792296
9792249
9795535
9789107
9795377
9694683
9697291
9697688
9698059
9683375
9698792
9709342
9662653
9662615
9641160
9641111
9740164
9746637
9748670
9748722
9748568
9748750
9748705
9703146
9748763
9748688
9744071
9563048
9664732
9749224
9699194
9656832
9568921
9703352
9702740
9630783
9730606
9730560
9755009
9752768
9749592
9701000
9750092
9757408
9757257
9757183
9757699
9757827
9754622
9757768
9758001
9757246
9758063
9757842
9570659
9754728
9754716
9754712
9754708
9754706
9754703
9727732
9754760
9754759
9754753
9754751
9754742
9754739
9754733
9754730
9754720
9754715
9754609
9742582
9754798
9754718
9752386
9754697
9753084
9754035
9754112
9509410
9754414
9754290
9754233
9752003
9709386
9754449
9754394
9754656
9754643
9754640
9754637
9754633
9754587
9730648
9754688
9754681
9754675
9754674
9754668
9754649
9754647
9754636
9754513
9748663
9709593
9576679
9751269
9751228
9774989
9674636
9761678
9761664
9761631
9767944
9744173
9657575
9767967
9714823
9718968
9708681
9661979
9661333
9730058
9679272
9691000
9758334
9758513
9758442
9758343
9758278
9758211
9752139
9433820
9625943
9758745
9758650
9758447
9741124
9760454
9760362
9759289
9731663
9758982
9668354
9591698
9760699
9760694
9760691
9760687
9760652
9760628
9758484
9750895
9605816
9497514
9760780
9760766
9760756
9760673
9754478
9748759
9760725
9760720
9760708
9760490
9754617
9751136
9748863
9742389
9760750
9760749
9760746
9760740
9760739
9760735
9760719
9760669
9748675
9742601
9238501
9757278
9707584
9721270
9792378
9792417
9670219
9792461
9792367
9792483
9792454
9792366
9693068
9742660
9742648
9742642
9742621
9742427
9741884
9741844
9741772
9741619
9739467
9732359
9730546
9688303
9688265
9641852
9629272
9434434
9731274
9786412
9782643
9782957
9742552
9792387
9746230
9745704
9792369
9795672
9795676
9795674
9792392
9792434
9792419
9792406
9752622
9709977
9709794
9695402
9653872
9631010
9621239
9620027
9611744
9695230
9720617
9727597
9727525
9727482
9725350
9639646
9689588
9660888
9708856
9681130
9786092
9767985
9736685
9736642
9736606
9736575
9717119
9714400
9703327
9702474
9701330
9694918
9694699
9694473
9693732
9737011
9736970
9737418
9672055
9754148
9756205
9752057
9723070
9748411
9749694
9757762
9747727
9758148
9707529
9707293
9671416
9704924
9704393
9698244
9682813
9704000
9690016
9706141
9679116
9675671
9654610
9649351
9631554
9657459
9632876
9644427
9704235
9654476
9704125
9755410
9755350
9751885
9752291
9755585
9755693
9528267
9707057
9780310
9735511
9780323
9780293
9653232
9780216
9730458
9687562
9675950
9760347
9767827
9667018
9704493
9615674
9630912
9501543
9631436
9631802
9671464
9615943
9444805
9709983
9758277
9580081
9595855
9760249
9759346
9756569
9752277
9626840
9760543
9760631
9666213
9760970
9760968
9760946
9760933
9760799
9755818
9760986
9760978
9760976
9760975
9760973
9760952
9761002
9760988
9760985
9760967
9756107
9761034
9761032
9761029
9761025
9761016
9761007
9756443
9619677
9760786
9760880
9737693
9679045
9757431
9591268
9715597
9710866
9786478
9786410
9738635
9730971
9722312
9658939
9609210
9692892
9546715
9743688
9743528
9743509
9743432
9743040
9739421
9737734
9737245
9737191
9737163
9736473
9730812
9723608
9721741
9712158
9693748
9677538
9673160
9658688
9650266
9638053
9625194
9601651
9489840
9742354
9721455
9727356
9742468
9550817
9795855
9795854
9795852
9795862
9795864
9795867
9795853
9795907
9691213
9670091
9665762
9664768
9664301
9645697
9608969
9600710
9573812
9573674
9544657
9473038
9519277
9778791
9750986
9722239
9703394
9726867
9535489
9712726
9652399
9615304
9510370
9686005
9571346
9590324
9515256
9668273
9671168
9624207
9573827
9644901
9681980
9625964
9688366
9754525
9665022
9754684
9755324
9792829
9749447
9793060
9795847
9793129
9793106
9794651
9792923
9795891
9795914
9600856
9690978
9521123
9682322
9698536
9577747
9632542
9629517
9577914
9577530
9704613
9560915
9693932
9704750
9704540
9707764
9740772
9738255
9685093
9704565
9704547
9704445
9704352
9704037
9703998
9702043
9643908
9627698
9568292
9704721
9704492
9703753
9701508
9701053
9682828
9676034
9674117
9612757
9457611
9704861
9704779
9704660
9704638
9703314
9699499
9702906
9705757
9704816
9704005
9536047
9731951
9737793
9741782
9732763
9732574
9732433
9721206
9732672
9732628
9732459
9715911
9732218
9704570
9730928
9737151
9732387
9682388
9624242
9756032
9755942
9755705
9723988
9756266
9756145
9756450
9756411
9737042
9749982
9617258
9750030
9750393
9688482
9666809
9704513
9603608
9666363
9638026
9601195
9598363
9539144
9705140
9704938
9704844
9704769
9704525
9702020
9622732
9615786
9595401
9550029
9705190
9705048
9705030
9704873
9478323
9733988
9755811
9665382
9736744
9705358
9726424
9697025
9680583
9781840
9724019
9662484
9577897
9617466
9676299
9638742
9637801
9670947
9722262
9758593
9523685
9760237
9750860
9761066
9761062
9761057
9761046
9761033
9760999
9760989
9708462
9703776
9703431
9703354
9761088
9761077
9761076
9761071
9761069
9761068
9761065
9761064
9761047
9761040
9750217
9710403
9703399
9674779
9761119
9761112
9761111
9761101
9761097
9761096
9761092
9761087
9761084
9761055
9737696
9761139
9761122
9761120
9756476
9760868
9760854
9463102
9685519
9737281
9682402
9740430
9678265
9730892
9730762
9715896
9636353
9794442
9744267
9743975
9743918
9743860
9743459
9737798
9728829
9720402
9704538
9694077
9688096
9676233
9673065
9662702
9604530
9536734
9515183
9788091
9763407
9650723
9704524
9793394
9773994
9793149
9770963
9743144
9793230
9744031
9693625
9795938
9795930
9795968
9795991
9795990
9795978
9795950
9796010
9713501
9763106
9670092
9769444
9769425
9567122
9668283
9665250
9752169
9577429
9574225
9652760
9586501
9760851
9554175
9586697
9586258
9580242
9595631
9795982
9792431
9795350
9791703
9769717
9795936
9795963
9795953
9789635
9785688
9755832
9795984
9795969
9786728
9786763
9791722
9795927
9793691
9796014
9795992
9791749
9795971
9793286
9795976
9772843
9795925
9795928
9792209
9571920
9621118
9507120
9689507
9653458
9705229
9698586
9737865
9738141
9584783
9686149
9652935
9509562
9687741
9705758
9704323
9674056
9711223
9738702
9720953
9698789
9737839
9732863
9726290
9719489
9714150
9669509
9713810
9647877
9546651
9733299
9665863
9651908
9631767
9682635
9732149
9735298
9756835
9756759
9756611
9756386
9733504
9727698
9723114
9677086
9754558
9508631
9722788
9513846
9733098
9730900
9655039
9542878
9757320
9756552
9705171
9699147
9699383
9705416
9705786
9702444
9538308
9705644
9705518
9705384
9705136
9704926
9704746
9704736
9702529
9698987
9691950
9682679
9593210
9514292
9705649
9705648
9705587
9703736
9678877
9619857
9430062
9694130
9704965
9701563
9696037
9651005
9526659
9705497
9705457
9705453
9705452
9705420
9705256
9702985
9700752
9687947
9705504
9723414
9526491
9744938
9337677
9705039
9693321
9629851
9723142
9566076
9515782
9636269
9570348
9695736
9558532
9628640
9717314
9668087
9728801
9757789
9757152
9756532
9637224
9752328
9744582
9672552
9744195
9761039
9761115
9761184
9761173
9761171
9761162
9761146
9761138
9761106
9761018
9761213
9761211
9761199
9761194
9761193
9761180
9761176
9758725
9732283
9675450
9761250
9761237
9761235
9761233
9761229
9761210
9635884
9529524
9761261
9761260
9761258
9761257
9761254
9761253
9635907
9687438
9782565
9716246
9632416
9731157
9731061
9717025
9709067
9692672
9782210
9499724
9644114
9794367
9794488
9731022
9687046
9744868
9744740
9742787
9742726
9738921
9738748
9723531
9716447
9694677
9622431
9616854
9611359
9568672
9793635
9499557
9645014
9793933
9793779
9793668
9744359
9681208
9744535
9785970
9796096
9796092
9796083
9796128
9796056
9796103
9796113
9796062
9686014
9661041
9762410
9776186
9641293
9547022
9764183
9770651
9770487
9707910
9613026
9770247
9768108
9764062
9645544
9722332
9660930
9796084
9796071
9791904
9796111
9796044
9796035
9782595
9793651
9790302
9796077
9796027
9795460
9791765
9767689
9791618
9796070
9793667
9789633
9576779
9647962
9506250
9689878
9677485
9699870
9699266
9688837
9653057
9684133
9628364
9577936
9546778
9617670
9685773
9638852
8698522
9705650
9612982
9704947
9747020
9617324
9685141
9739325
9681761
9289113
9703978
9651953
9704325
9704535
9704751
9655472
9599793
9693394
9676910
9701426
9702038
9509373
9675953
9691369
9729865
9691588
9733690
9733200
9726573
9733895
9736979
9621968
9713044
9428392
9695775
9673120
9711819
9752095
9632926
9757434
9681310
9659346
9576047
9757617
9757536
9757503
9757352
9754605
9752414
9734554
9659484
9757677
9756474
9742610
9757848
9757730
9756902
9727063
9670311
9707603
9707578
9700294
9708422
9570798
9679985
9706460
9706303
9706293
9706202
9706157
9705742
9692501
9692471
9692546
9649536
9706149
9686782
9705493
9705239
9632662
9706273
9704776
9695106
9681900
9638532
9705197
9691912
9705036
9701941
9701209
9678569
9655495
9705931
9705798
9705673
9705629
9705081
9705033
9691605
9655929
9683025
9680692
9677479
9632268
9475747
9705000
9610153
9752884
9750450
9691979
9751467
9751445
9689139
9678098
9739289
9721856
9622115
9716425
9710177
9562417
9631642
9655410
9571831
9743653
9705060
9381731
9704549
9709450
9728927
9674223
9652201
9633407
9771026
9637749
9729286
9700310
9711082
9761298
9761276
9760662
9754082
9663492
9663474
9761318
9761311
9761309
9761342
9761338
9761328
9761326
9761297
9760809
9761284
9761218
9756843
9756751
9756694
9740317
9758648
9711796
9760876
9761295
9761291
9761222
9754632
9343071
9752044
9759554
9758199
9757108
9739550
9745599
9611719
9733499
9724048
9723357
9683857
9676983
9711698
9694725
9667832
9522463
9727911
9647523
9794545
9674360
9745574
9745494
9745324
9745278
9744974
9743112
9739271
9738391
9738057
9737895
9733662
9731835
9724360
9721814
9710664
9693595
9664300
9638698
9629559
9627253
9616328
9738552
9700384
9794165
9794068
9777795
9794225
9794078
9794007
9793481
9715173
9767494
9789253
9796203
9796152
9600378
9645851
9709050
9566382
9640094
9638486
9575436
9650411
9543227
9756041
9723343
9668342
9624293
9690142
9661831
9746789
9794741
9794052
9782801
9792806
9795957
9708146
9681691
9796162
9796171
9792667
9792475
9796213
9796158
9700487
9651278
9581428
9606032
9602165
9654537
9470773
9470719
9470628
9470534
9652505
9420742
9689726
9706335
9706743
9399947
9702571
9702311
9700802
9699538
9699359
9706167
9648351
9706683
9700936
9700686
9700484
9700387
9700282
9700161
9700032
9699702
9705867
9382779
9729878
9705018
9746160
9690515
9717201
9735230
9707844
9721820
9739771
9739910
9696149
9746874
9730651
9675675
9705516
9627909
9703898
9704471
9704179
9703216
9704649
9704798
9697530
9703459
9590414
9708813
9707458
9729783
9711118
9734800
9725310
9734036
9696229
9685291
9581962
9719317
9717983
9640044
9734436
9731789
9724986
9729699
9706572
9682400
9728205
9736055
9615377
9739241
9740298
9726082
9731980
9716961
9723019
9732723
9736987
9707705
9713680
9728463
9737351
9750575
9628518
9628079
9626693
9628597
9628449
9625932
9754777
9757914
9654473
9757984
9757793
9707171
9707624
9668203
9706523
9592885
9707577
9705134
9703971
9637256
9701263
9699145
9704297
9689999
9680193
9679659
9705521
9680006
9679059
9705953
9705865
9688696
9677117
9648836
9706854
9706755
9699204
9698719
9655728
9630754
9706651
9706361
9705595
9667997
9548428
9705097
9538079
9705159
9699659
9706076
9694412
9705558
9671609
9690709
9734375
9672556
9684760
9723113
9682501
9739722
9739597
9627113
9576919
9421926
9696914
9727823
9662133
9722238
9657987
9457873
9763926
9728225
9697950
9718400
9695660
9587250
9670712
9704184
9667539
9665484
9671920
9655524
9672082
9645362
9637150
9633005
9628487
9672393
9666621
9666541
9719897
9719167
9700661
9718625
9694865
9657482
9553388
9553249
9705402
9698844
9670044
9700368
9666724
9647727
9483455
9660654
9603239
9497503
9720412
9503444
9694110
9685358
9703964
9550984
9689642
9761360
9761355
9761354
9761320
9757858
9761381
9761367
9761350
9761356
9761408
9761398
9760913
9730939
9757776
9755909
9746868
9734883
9758904
9758347
9760441
9760374
9760649
9668207
9759634
9758731
9740336
9755504
9759885
9699141
9407843
9583065
9576649
9734143
9734025
9690838
9712421
9731396
9743645
9741138
9418664
9698514
9598976
9739903
9689428
9670693
9648521
9657665
9756037
9741230
9656281
9739185
9794351
9740944
9794493
9698212
9552808
9734399
9515770
9745988
9745752
9745340
9745156
9740446
9739988
9739804
9739475
9737047
9733823
9725253
9712133
9695191
9692683
9673282
9670224
9655290
9643570
9552924
9552570
9551735
9543186
9543103
9543043
9542972
9542503
9512463
9708955
9696010
9794475
9794398
9796245
9766281
9675655
9702027
9723027
9305231
9574301
9628106
9572227
9719200
9699743
9720528
9706578
9672488
9703952
9491084
9481610
9641034
9760247
9672280
9719980
9647015
9580190
9681026
9706802
9732722
9751350
9674284
9792247
9792815
9791784
9789073
9792068
9794431
9795321
9796202
9672964
9695668
9580481
9554024
9612286
9670170
9706935
9719756
9672924
9704300
9713036
9707045
9740734
9740463
9689804
9740173
9579006
9740645
9740661
9638642
9404899
9634353
9691699
9702014
9703245
9651525
9704341
9706204
9651562
9712750
9645911
9641198
9735016
9734310
9723637
9717011
9713885
9734504
9734534
9714399
9724230
9719864
9734480
9735008
9740176
9740211
9558864
9741902
9535673
9725717
9737083
9712194
9737405
9727937
9724449
9605578
9690482
9637541
9707185
9706984
9706961
9705551
9522426
9705697
9707521
9707275
9706796
9706480
9702638
9686641
9706970
9706629
9705573
9631936
9575257
9707068
9707049
9706946
9706932
9706858
9706524
9703820
9684349
9707198
9707064
9707012
9706988
9694367
9691384
9654693
9707056
9704010
9706300
9706557
9699578
9630918
9704922
9749625
9754998
9755023
9719747
9678013
9679473
9687798
9570324
9649066
9765998
9771853
9681929
9729807
9725199
9672524
9670549
9701223
9672629
9672557
9665399
9673021
9634537
9639393
9601324
9756755
9761432
9761420
9761418
9722021
9761445
9761444
9761436
9761430
9761457
9761442
9725202
9687994
9758295
9756795
9738648
9706761
9747998
9706630
9760061
9759006
9758950
9752772
9737005
9758603
9731437
9739987
9740223
9620963
9735006
9636208
9735344
9673681
9671971
9696453
9753978
9721236
9719363
9706722
9734010
9733957
9733915
9733876
9746699
9731219
9631982
9575247
9736108
9746027
9745418
9747932
9582668
9703485
9689537
9796275
9746669
9746579
9746438
9746327
9746301
9746232
9746155
9745975
9742513
9740122
9740076
9730520
9729589
9724095
9706729
9695783
9695686
9692145
9689037
9670892
9664009
9613172
9796288
9597921
9623094
9594118
9591782
9197232
9315300
9315260
9728160
9546712
9509508
9620952
9784427
9763523
9731512
9712807
9677736
9794737
9794676
9796287
9768522
9789509
9782729
9791808
9792670
9794682
9780896
9780629
9688114
9719863
9689632
9689359
9689014
9735302
9739658
9739919
9740220
9741040
9740949
9740384
9490568
9446642
9745992
9735201
9703987
9704283
9704731
9706607
9513689
9708085
9707819
9684670
9736409
9697272
9735311
9735563
9735457
9735180
9735137
9369018
9720327
9735287
9735153
9737620
9738427
9741267
9650072
9706596
9657796
9706658
9737269
9577911
9707391
9571820
9707796
9707069
9706635
9704875
9700652
9689848
9685266
9680409
9672666
9707983
9707878
9707851
9706416
9705498
9673287
9642793
9639229
9634246
9626459
9620646
9552555
9708047
9708000
9707964
9707938
9707739
9707430
9707392
9707371
9707219
9706606
9705112
9704928
9702510
9688212
9687069
9686976
9686754
9708201
9708173
9708062
9520067
9482132
9706927
9624673
9704615
9603140
9572003
9707519
9707471
9707027
9703760
9670942
9657413
9654595
9706489
9705324
9621309
9524869
9706024
9620816
9569916
9686012
9735490
9709824
9693848
9705847
9489613
9462299
9738235
9668133
9632102
9637018
9636877
9274506
9772542
9711849
9484471
9667862
9483438
9712388
9698220
9652078
9771302
9473200
9761435
9761468
9761469
9761456
9758480
9761506
9759001
9608998
9595833
9595877
9759582
9595885
9739162
9729882
9720090
9719854
9740851
9715482
9691430
9650404
9709138
9709105
9709044
9709002
9708933
9708883
9708812
9690989
9725378
9718022
9717898
9715156
9677784
9729277
9789870
9552589
9693390
9786013
9684329
9676931
9742971
9791332
9696052
9634735
9732635
9722989
9713733
9760128
9747474
9662584
9693650
9747527
9747325
9747221
9746483
9740856
9740279
9736721
9734219
9729075
9725999
9720328
9720203
9696271
9686216
9676342
9668421
9661725
9658193
9796309
9685502
9416347
9729168
9741062
9736459
9784926
9719801
9783918
9794954
9795084
9686699
9591032
9702344
9716758
9689248
9689430
9689292
9688930
9708686
9735869
9740742
9725582
9098632
9740744
9708308
9650194
9704263
9706852
9708215
9656088
9655399
9731644
9704537
9714714
9615055
9691943
9667625
9734110
9733347
9733136
9735089
9661566
9738409
9496607
9599645
9625541
9705290
9707790
9702214
9694329
9707847
9707776
9708252
9708170
9707802
9705840
9455269
9708589
9708571
9708507
9695907
9670227
9708432
9708408
9708336
9708193
9707933
9706800
9704526
9704410
9682183
9657698
9657331
9452604
9438954
9708613
9708548
9705100
9704780
9701750
9688724
9687806
9673988
9612207
9537574
9706062
9605502
9589766
9708753
9702501
9537377
9753803
9746263
9753453
9339466
9700283
9779441
9731155
9741795
9741612
9741342
9740487
9678814
9613744
9676761
9668703
9738180
9689508
9770772
9771146
9659089
9667505
9761525
9761542
9761535
9761532
9761556
9761544
9444799
9742579
9756698
9760815
9759749
9759774
9757835
9724833
9748620
9734712
9760012
9759964
9759933
9758997
9702678
9718493
9741538
9720584
9610738
9577761
9590716
9680427
9714363
9714245
9745940
9730679
9794630
9794395
9795232
9743039
9741155
9674785
9739091
9723523
9758807
9714048
9713959
9779503
9773398
9747729
9743439
9743084
9741856
9724338
9680404
9679997
9677458
9655120
9542792
9795158
9796376
9796375
9773071
9729708
9667081
9670852
9518813
9472689
9348732
9594631
9693270
9692249
9719107
9674012
9707704
9682302
9674943
9743705
9791826
9789109
9691106
9708946
9689193
9614262
9709004
9690419
9655591
9535924
9707688
9708088
9708606
9726306
9522839
9702983
9685442
9736004
9723597
9704665
9700734
9652989
9702975
9708664
9708638
9708524
9705734
9705302
9537500
9537300
9524503
9655953
9734905
9595948
9730052
9779809
9773669
9705839
9696212
9741962
9632834
9650076
9773586
9686917
9761509
9761548
9758704
9761568
9761147
9760730
9761590
9761587
9761585
9761582
9761578
9761575
9761602
9761599
9761584
9761571
9746944
9760296
9760098
9760434
9708452
9613216
9721723
9633479
9731987
9786145
9795227
9724708
9748121
9748313
9795429
9795337
9795452
9708625
9711553
9753417
9759316
9748404
9748392
9748221
9748219
9731299
9729944
9718252
9714702
9704914
9704888
9703515
9703456
9692576
9795356
9754019
9729993
9681906
9589061
9727070
9620214
9626125
9727940
9714460
9701369
9701343
9686722
9678488
9673073
9671968
9664914
9661210
9658829
9637647
9634076
9618786
9779776
9709275
9709261
9709171
9709092
9709070
9708256
9708836
9614111
9535312
9462610
9689119
9739946
9726716
9737159
9737377
9723818
9742401
9612912
9540850
9754403
9774018
9773992
9761674
9773953
9703264
9654799
9581897
9761567
9761612
9761611
9761607
9761601
9761573
9761640
9761635
9761632
9761629
9759693
9761661
9761653
9761648
9761658
9761656
9761645
9761644
9761642
9761636
9761616
9761613
9761593
9728089
9760499
9760564
9760397
9760370
9595311
9760684
9760663
9754764
9792007
9739696
9740019
9748537
9728843
9703956
9795571
9736697
9735592
9734258
9745677
9731361
9714769
9704090
9696632
9796475
9796474
9796486
9692957
9730787
9696793
9796485
9707691
9737577
9670318
9657829
9659783
9700738
9508056
9507553
9732705
9681694
9757889
9757934
9698861
9669009
9685691
9705245
9685135
9754755
9735959
9735566
9774125
9702610
9589139
9761684
9761643
9761614
9761702
9761697
9761695
9761689
9761671
9761710
9761701
9761698
9761691
9684102
9736840
9758464
9730974
9709314
9760783
9760812
9375696
9742306
9742012
9739983
9700289
9536979
9742672
9748711
9753667
9744672
9744213
9731380
9727718
9718629
9796499
9796498
9796495
9796541
9726120
9729188
9670572
9632484
9696886
9679758
9796520
9796515
9796521
9796511
9675812
9267361
9714238
9709724
9665214
9709417
9707622
9704253
9710004
9688867
9744514
9608142
9477400
9740510
9725311
9520416
9742729
9742742
9742916
9743349
9739993
9748654
9655672
9711843
9690927
9688145
9676585
9653601
9711590
9618188
9699363
9672514
9711510
9742032
9217877
9410056
9706836
9755226
9745454
9649558
9706081
9402447
9706298
9749267
9721024
9777940
9731284
9552520
9692562
9775370
9780386
9780362
9780404
9616485
9541361
9595648
9664985
9761397
9761726
9761743
9761732
9727977
9761752
9743015
9760925
9569504
9653104
9761099
9760902
9761283
9634473
9791076
9792698
9740441
9694361
9682490
9572888
9639486
9638808
9614372
9534018
9623002
9584306
9795197
9736966
9715774
9700448
9783160
9737017
9614675
9754756
9641768
9529673
9709222
9686508
9712767
9783400
9796560
9796572
9561791
9710263
9710119
9676185
9706851
9705268
9664961
9723773
9668888
9630977
9778098
9730687
9770232
9575964
9726096
9725915
9593926
9717434
9796633
9796640
9796647
9796667
9796666
9796663
9796692
9796681
9796678
9796670
9740036
9662646
9796655
9796574
9796685
9796676
9796696
9796687
9796677
9796652
9796680
9796649
9785858
9786714
9796635
9792498
9796682
9796662
9796697
9662765
9667214
9594171
9709378
9706553
9698276
9694051
9706985
9706880
9706773
9706681
9631582
9626007
9614086
9707153
9700950
9678590
9637011
9585169
9705532
9705248
9703861
9591731
9566790
9710045
9484102
9641526
9708487
9699965
9698479
9688757
9677752
9676324
9608564
9591818
9563937
9709805
9708178
9665613
9689212
9731914
9739670
9720610
9726860
9604508
9743043
9743117
9735573
9741049
9746849
9747046
9692474
9743127
9640572
9673687
9709960
9663510
9712196
9657748
9683060
9702329
9714349
9658080
9637370
9701805
9722008
9725159
9737041
9749909
9746585
9745484
9756988
9706759
9704363
9751195
9750452
9751725
9747180
9660195
9647742
9749031
9638202
9671286
9649357
9633492
9646058
9704031
9675724
9585649
9761552
9761722
9761739
9761735
9728023
9726358
9761759
9761762
9759051
9242057
9712813
9680112
9753892
9751889
9761777
9757077
9761794
9752397
9759161
9754526
9761017
9649246
9791855
9604049
9731569
9670853
9618099
9723132
9561513
9711673
9739704
9716992
9604142
9642830
9625897
9671865
9774646
9706428
9637835
9755129
9736080
9696188
9786869
9756707
9660071
9796735
9796722
9796714
9796705
9796708
9796790
9796783
9796771
9796757
9796736
9743460
9796838
9796814
9796928
9796927
9796926
9796924
9796915
9796816
9796804
9796756
9796762
9796797
9796759
9792672
9796716
9796775
9796745
9796715
9796879
9794118
9796719
9796742
9796930
9796923
9796904
9796842
9796727
9796871
9796763
9796933
9796920
9796811
9796743
9547021
9502738
9664571
9672246
9710453
9710140
9709598
9634985
9709701
9652653
9710374
9710269
9710171
9710108
9708648
9707745
9705088
9700890
9674461
9654812
9710372
9710346
9702221
9700629
9563142
9684731
9709976
9709958
9709942
9709909
9709858
9710040
9710023
9710012
9698118
9686745
9628887
9710217
9710130
9710044
9710034
9705371
9702934
9688538
9667856
9667332
9665392
9691612
9741293
9693929
9743285
9743461
9735613
9691457
9743681
9657214
9665470
9671753
9670987
9620233
9500542
9439391
9635263
9699316
9714890
9712612
9446888
9706513
9710789
9711113
9615113
9617753
9729755
9597426
9698412
9737420
9737228
9729237
9728504
9720317
9737299
9686128
9665218
9691915
9673049
9604781
9519411
9633622
9509032
9630647
9605230
9528507
9570117
9715566
9682839
9504392
9407023
9642598
9487565
9456670
9633680
9612102
9631469
9630926
9615066
9496610
9648748
9640894
9759713
9583175
9730813
9676755
9675961
9671463
9605865
9605548
9519899
9435741
9671217
9683835
9662684
9693096
9642788
9662627
9662246
9681805
9761753
9757392
9623813
9673000
9662335
9731399
9761839
9761836
9761829
9761728
9757198
9738847
9761856
9761847
9761843
9761841
9749994
9723452
9761802
9761797
9756844
9715344
9761813
9761810
9761809
9761808
9761807
9749652
9760996
9729143
9761020
9761026
9750407
9680464
9760158
9760857
9760833
9706107
9667284
9671263
9695740
9666123
9686174
9725844
9729909
9680570
9785897
9786041
9577249
9737684
9671113
9688446
9673195
9664341
9640195
9634286
9671842
9679309
9711326
9717428
9760330
9626732
9672067
9706990
9544958
9699490
9743531
9542512
9781208
9721734
9680616
9787480
9677730
9790307
9796901
9797019
9797000
9796989
9796982
9796965
9796949
9797099
9797093
9797086
9797059
9797058
9797052
9797049
9797033
9797008
9797017
9797237
9797230
9797229
9797226
9797217
9797216
9797209
9797204
9797193
9797188
9797172
9797171
9797148
9797137
9796984
9797129
9797134
9797165
9797026
9797352
9797343
9797306
9797276
9797274
9797272
9797264
9797184
9797029
9797260
9797186
9797044
9797363
9797360
9797156
9797085
9796968
9797225
9797359
9797014
9796977
9797197
9797256
9797249
9797110
9797326
9797174
9797136
9795466
9797158
9797215
9796988
9796913
9796955
9797290
9797258
9796960
9796752
9793096
9797147
9797220
9797324
9797182
9797100
9797181
9786504
9682006
9450402
9617232
9710848
9710709
9710565
9670827
9642525
9710516
9710487
9710463
9710360
9710182
9710120
9709954
9709943
9706458
9705428
9677235
9664144
9645190
9606553
9710610
9710266
9709835
9709773
9704872
9672937
9703931
9744256
9743941
9739275
9710641
9743799
9535621
9718047
9748811
9575444
9609209
9471263
9711010
9710425
9711626
9710943
9716158
9710541
9710363
9710785
9710679
9710503
9710777
9631535
9711036
9711006
9710954
9710733
9706806
9672187
9711093
9709052
9700390
9672774
9593260
9710605
9707797
9719617
9710901
9708322
9725295
9719366
9717868
9567562
9566832
9729810
9723590
9732417
9732297
9682321
9755285
9737785
9686901
9739838
9700977
9736106
9629376
9737706
9691651
9710509
9689285
9643162
9728657
9682739
9676254
9655629
9775679
9641193
9774983
9682584
9677324
9667763
9623923
9618246
9491128
9585749
9710603
9644080
9562109
9663578
9741578
9761874
9761864
9760865
9761903
9761894
9761889
9761880
9761877
9761926
9761920
9761919
9761915
9761905
9761899
9761896
9761870
9761866
9761944
9761935
9761929
9761928
9761834
9760640
9755510
9751224
9748448
9710808
9757669
9713208
9731605
9785785
9711129
9722864
9707787
9705374
9696482
9684151
9655779
9656704
9740436
9688021
9738367
9742331
9795360
9795996
9795593
9707778
9758951
9722616
9512381
9756026
9710926
9796698
9796944
9796864
9797133
9797451
9797444
9797442
9797430
9797424
9797392
9797387
9797385
9797101
9797381
9797562
9797561
9797556
9797543
9797531
9797524
9797521
9797513
9797509
9797507
9797484
9797479
9797825
9797813
9797797
9797788
9797759
9797756
9797734
9797725
9797718
9797711
9797699
9797687
9797683
9797654
9797645
9797643
9797628
9797601
9797595
9797591
9797569
9797463
9797203
9797792
9797773
9797386
9797487
9796732
9797753
9793380
9797515
9797708
9797433
9797001
9797707
9797488
9797692
9797824
9797751
9677589
9693335
9687781
9697937
9684386
9679875
9679060
9673863
9424593
9654982
9654146
9657167
9615706
9688012
9706509
9711164
9706346
9702438
9704360
9690761
9710697
9700479
9701375
9650671
9707316
9710525
9720079
9655073
9503880
9745330
9744722
9739069
9738569
9725318
9738789
9740702
9426921
9737670
9598599
9691193
9745815
9746398
9748840
9707178
9748828
9738673
9699974
9706433
9704919
9710454
9711367
9716987
9711384
9711151
9705910
9692433
9711306
9711249
9711190
9710900
9707663
9695835
9688232
9661323
9651185
9644011
9592254
9711481
9711215
9710507
9710097
9707969
9705317
9690048
9670796
9711536
9711479
9711424
9710947
9709619
9702967
9701606
9688830
9686480
9686314
9631954
9734251
9728807
9714496
9708001
9738803
9738595
9720653
9738870
9651416
9677466
9739018
9750449
9756947
9729496
9691050
9706178
9705851
9477380
9719351
9461222
9671198
9654611
9612554
9611732
9652219
9683266
9612262
9727795
9589643
9749093
9723390
9676600
9629084
9702593
9660377
9732815
9562090
9756546
9761986
9761979
9761976
9761972
9761939
9761925
9762017
9762011
9761999
9761971
9761969
9761908
9736081
9762044
9762039
9762034
9762029
9762027
9762023
9762020
9762016
9761956
9762070
9762069
9762051
9762049
9762047
9762045
9762035
9762024
9761900
9681046
9761197
9761236
9742434
9761272
9761262
9676609
9669117
9757995
9689407
9663666
9656921
9650588
9602167
9650539
9786863
9661378
9630615
9637998
9749507
9628553
9628522
9693423
9652688
9652193
9466515
9464796
9611810
9671569
9677222
9711840
9697441
9737752
9655528
9796852
9796656
9797458
9797483
9797396
9797852
9797891
9674236
9642895
9668075
9673798
9667674
9665386
9720810
9714946
9707854
9710198
9670815
9708054
9660072
9651507
9667686
9666763
9605223
9739182
9647218
9657549
9707672
9739073
9731199
9711413
9577379
9726432
9685535
9710319
9629481
9741219
9711173
9713826
9737490
9734392
9748851
9745343
9747668
9555038
9652404
9711699
9711518
9691556
9680433
9711606
9701722
9621776
9712197
9712087
9710162
9709712
9682167
9610850
9711978
9711899
9711892
9704536
9697941
9672545
9706574
9691042
9711986
9712694
9683088
9713995
9711945
9699484
9711440
9708399
9710673
9704993
9710165
9711551
9712990
9706631
9706998
9599983
9734105
9740172
9661683
9752888
9684767
9695069
9410687
9673446
9677822
9670627
9646441
9777170
9665104
9676645
9683991
9642530
9684554
9671356
9668690
9748942
9712951
9694643
9666126
9663726
9663640
9640343
9634320
9609356
9586859
9424402
9707708
9692711
9759781
9761598
9758571
9762085
9762071
9762120
9762109
9762100
9762125
9762124
9762110
9762094
9762061
9741088
9640025
9706233
9679242
9501795
9789168
9737161
9562579
9676726
9673221
9788860
9613629
9539480
9568907
9687109
9698347
9671618
9735767
9743691
9796140
9595499
9640221
9404532
9666485
9796688
9788202
9797578
9797477
9797438
9794389
9782992
9600228
9637229
9583452
9666834
9628183
9712167
9711680
9644308
9706274
9706164
9644289
9637701
9704050
9702701
9712504
9712382
9711123
9705835
9709887
9709843
9710320
9709877
9710084
9608641
9682644
9679994
9712423
9739025
9738579
9721515
9721448
9734488
9719314
9729186
9724448
9739950
9739776
9740054
9709997
9495394
9712489
9739612
9720375
9741244
9745820
9558860
9740876
9704878
9746653
9746458
9713432
9663442
9739740
9741065
9712784
9711185
9675007
9711726
9712317
9712282
9712069
9702291
9698314
9666745
9467861
9712337
9712329
9710962
9708349
9700988
9679312
9667923
9638431
9628167
9614641
9563900
9714259
9713087
9712968
9712452
9712428
9711630
9710787
9708910
9660521
9657205
9610751
9593796
9657824
9656211
9606308
9712556
9660411
9675605
9710566
9710975
9711287
9711234
9712894
9672175
9422754
9710426
9711773
9711515
9708740
9741406
9731775
9737535
9749771
9667929
9658088
9707398
9705582
9670794
9706868
9706746
9708217
9712354
9712262
9698201
9743398
9751808
9452828
9626369
9473143
9776652
9776340
9645380
9600085
9566550
9706595
9541562
9746208
9574724
9657840
9763959
9353846
9777366
9742526
9605251
9604933
9589453
9745918
9745771
9711106
9707738
9707668
9696370
9696213
9679628
9676788
9675543
9674320
9669851
9666599
9650939
9648497
9622902
9598681
9592697
9576168
9570247
9542265
9524628
9522035
9400886
9763112
9625312
9555656
9762150
9743742
9703623
9710155
9712277
9761317
9680437
9757981
9759064
9762077
9762145
9762157
9762167
9762095
9708442
9575913
9658909
9449436
9678693
9746065
9596266
9565002
9789694
9712400
9589947
9559415
9662930
9689188
9793175
9700250
9681776
9542577
9642833
9676856
9670597
9617120
9672088
9671839
9671437
9671309
9670280
9637655
9665634
9576356
9692426
9671180
9609571
9743071
9719452
9720281
9739721
9756682
9796693
9796861
9797046
9797448
9797378
9797339
9794648
9664801
9647260
9695432
9712965
9711545
9585709
9713066
9684892
9713113
9713067
9713049
9713035
9712940
9712893
9712743
9705408
9700233
9696705
9690037
9679115
9685190
9699284
9699219
9710170
9609626
9696140
9713191
9741797
9744612
9579263
9735449
9740728
9743177
9743162
9746354
9740103
9690916
9746834
9746767
9746932
9738133
9705818
9709833
9711527
9699492
9707986
9634808
9712419
9699371
9677167
9712688
9712656
9712563
9712369
9700669
9685523
9683101
9642466
9640738
9625344
9554469
9712888
9712839
9712801
9712777
9712740
9712453
9694818
9676107
9648585
9712974
9712788
9712638
9712604
9712528
9698062
9686855
9684708
9667591
9646071
9718976
9731312
9731304
9731367
9731355
9731379
9731332
9715858
9513740
9740235
9727261
9726797
9683021
9740560
9718704
9756648
9707553
9686952
9749409
9694280
9490885
9675999
9704344
9704003
9474057
9645039
9772144
9611791
9662651
9710383
9699043
9679375
9677892
9651022
9645508
9643591
9637331
9633689
9633547
9633316
9611766
9608481
9520821
9771665
9761441
9573254
9761711
9761720
9758663
9758385
9645888
9700851
9732346
9762033
9761996
9762181
9762144
9607587
9604595
9762212
9753397
9673377
9643608
9725646
9720432
9745857
9745707
9726374
9718890
9746951
9794686
9693257
9746324
9790227
9538464
9729905
9778163
9774068
9771934
9679288
9674502
9541300
9700879
9483134
9739316
9684344
9796916
9796877
9797196
9784400
9797106
9793167
9797932
9675288
9537268
9710386
9708828
9713766
9704180
9713491
9713013
9678053
9713173
9699567
9699065
9684326
9709631
9433668
9712729
9712719
9713410
9713109
9710046
9626995
9560976
9701965
9747140
9711004
9739578
9710855
9738142
9726965
9668223
9660671
9741214
9741116
9740885
9713459
9704969
9725377
9493851
9517956
9747075
9746888
9747092
9747134
9744708
9688290
9747308
9685448
9747178
9585085
9713408
9713391
9700366
9698434
9614713
9672447
9672238
9713696
9713600
9713542
9713505
9713482
9713123
9712744
9712519
9710450
9713737
9713729
9713689
9713664
9713590
9713525
9713441
9713374
9713338
9713304
9713193
9713011
9713822
9686090
9634602
9711643
9707695
9711333
9711177
9691697
9711617
9711871
9719530
9721540
9713587
9738478
9740935
9446905
9742187
9599543
9707634
9679286
9632498
9611559
9556874
9686081
9635901
9681129
9597714
9680558
9679379
9668025
9725505
9679782
9679718
9679494
9673258
9662851
9661024
9654794
9651610
9650753
9636201
9570820
9551597
9675558
9618815
9553129
9761501
9761518
9761481
9762098
9762216
9761804
9743881
9598532
9723575
9717218
9716797
9658279
9656769
9719754
9744416
9743296
9725833
9796325
9737915
9670678
9486049
9778610
9624854
9708090
9707117
9621301
9719763
9633831
9796851
9796839
9796828
9797622
9676686
9494325
9654456
9714013
9714127
9713945
9714012
9714006
9713985
9713971
9712091
9711863
9706439
9705484
9689293
9671378
9521552
9521098
9477169
9714257
9714182
9712030
9711660
9705553
9685083
9581232
9675463
9694388
9605730
9692187
9714093
9713818
9744277
9744120
9744599
9744506
9744776
9745013
9744847
9747910
9743395
9745127
9744994
9745363
9745243
9745171
9738622
9724508
9708616
9740554
9737328
9724672
9743308
9743737
9743618
9743533
9743827
9744036
9743994
9745656
9741497
9747917
9710028
9747542
9747091
9658477
9656259
9747717
9713714
9702297
9713823
9712983
9711793
9698616
9672233
9630900
9618254
9714303
9512272
9713934
9725648
9741589
9741312
9740722
9740720
9742146
9741777
9684356
9695360
9708547
9708186
9525121
9745035
9702244
9685654
9774483
9684112
9680463
9679688
9678427
9676978
9675941
9644296
9609222
9544874
9496143
9771768
9617950
9772103
9725149
9748802
9761464
9760632
9727785
9759967
9562787
9762240
9762257
9762256
9762026
9762274
9762266
9762262
9759991
9759833
9655195
9741525
9731249
9624594
9777984
9701780
9724042
9467891
9747490
9693261
9693263
9693256
9796295
9703069
9790474
9628281
9456066
9550266
9520952
9691900
9738385
9664377
9741274
9653993
9645843
9797152
9796425
9797522
9758751
9796402
9795190
9668549
9714003
9713909
9748186
9748183
9731520
9742205
9746366
9714463
9701852
9685231
9714335
9714331
9707493
9712733
9694470
9630299
9540939
9446993
9709445
9702406
9696246
9623827
9673108
9719145
9742200
9691863
9715423
9772521
9677569
9730029
9680233
9600726
9726913
9761576
9760178
9761580
9760696
9760679
9760602
9762291
9762284
9762278
9761617
9762319
9762311
9762294
9762334
9762329
9762328
9762327
9762323
9762322
9762299
9761185
9760086
9660186
9736011
9748022
9706579
9742991
9714666
9714662
9768842
9623654
9759652
9692759
9725551
9673586
9670121
9680757
9646871
9714717
9710169
9732614
9744986
9748611
9709300
9680983
9699059
9461324
9714783
9714711
9703562
9714658
9714388
9522159
9714650
9714721
9730474
9727426
9724501
9725652
9745647
9742394
9673025
9761622
9677005
9677772
9762312
9762343
9762339
9762331
9762364
9762362
9762360
9647684
9762384
9762375
9762368
9762398
9762390
9762389
9762385
9762383
9711994
9711638
9754641
9688390
9729737
9724298
9707833
9780288
9728878
9735301
9734986
9721151
9692882
9644891
9569840
9554994
9678490
9569883
9474191
9517563
9431422
9714921
9714236
9709827
9744002
9739463
9684822
9714826
9742564
9676111
9638403
9544181
9748861
9748849
9748871
9748876
9748892
9637259
9703714
9713493
9714634
9714220
9714876
9526189
9642067
9712775
9731291
9723306
9714749
9719577
9678481
9618318
9711166
9620093
9750250
9761712
9762244
9733510
9761881
9762042
9762041
9762412
9762406
9762379
9762425
9762419
9762414
9762402
9762395
9762361
9761904
9761849
9762435
9762429
9762447
9762422
9747384
9629106
9747472
9711711
9711068
9702950
9679339
9733731
9594024
9601647
9601567
9754375
8693853
9576295
9794859
9625628
9797397
9797370
9676321
9643290
9720194
9638914
9616910
9721306
9718120
9666602
9712829
9702319
9713054
9715238
9718118
9715385
9744260
9740825
9608876
9742682
9729394
9687201
9689006
9674350
9747664
9747261
9714736
9714471
9714955
9647284
9635936
9614926
9666423
9664400
9656814
9657239
9716966
9707099
9710409
9708321
9711775
9650517
9627309
9712790
9689943
9567045
9479174
9608058
9730942
9663286
9751778
9737385
9747386
9551288
9751368
9575459
9751680
9641212
9648557
9688323
9503544
9775624
9713924
9728507
9762553
9518088
9762601
9762596
9762576
9753451
9749436
9703855
9691988
9761793
9761855
9761886
9750475
9762153
9762400
9762446
9762436
9762462
9762460
9730680
9762117
9730494
9570530
9761240
9742671
9713340
9683454
9617588
9582209
9681528
9618610
9703387
9573596
9794542
9740569
9687766
9760668
9662894
9736286
9662879
9662870
9662856
9662839
9641854
9598058
9722015
9742459
9742490
9731426
9796429
9796628
9564998
9380585
9670051
9546930
9692966
9452867
9512296
9783280
9714792
9489863
9423083
9676808
9676698
9753091
9750265
9719511
9749091
9750517
9700167
9617971
9581009
9793860
9416302
9768340
9746719
9654330
9664159
9647280
9620022
9797252
9751115
9751074
9741670
9569338
9797323
9754213
9677773
9797457
9619938
9796622
9796615
9796434
9734056
9557769
9565330
9717551
9670062
9720929
9672366
9713394
9652526
9552449
9679178
9709840
9702531
9656971
9655834
9530917
9715292
9715254
9715149
9709999
9703805
9689144
9649505
9637103
9541240
9715371
9715275
9713200
9706719
9521292
9715376
9551666
9525739
9707952
9710489
9694267
9620988
9737079
9734861
9722471
9722048
9743784
9646097
9746431
9664536
9715612
9749600
9690064
9712151
9712067
9593563
9630467
9711966
9562222
9710690
9715348
9430039
9389887
9698458
9757210
9707842
9707402
9708263
9706239
9637108
9706103
9678560
9780581
9781766
9507301
8425446
9531752
9762624
9762616
9762615
9762613
9744241
9742324
9722098
9762685
9762672
9762579
9762411
9761705
9758714
9570337
9569999
9762752
9762738
9762686
9762465
9762349
9761190
9757295
9757038
9732239
9711443
9676385
9654860
9652558
9761767
9762857
9762797
9762763
9759581
9752484
9750754
9747650
9662727
9520071
9761876
9762043
9664802
9762822
9762803
9715226
9729004
9762488
9713273
9630270
9644500
9595042
9592883
9544104
9681563
9676957
9780722
9786029
9615371
9706550
9687738
9566044
9795116
9733680
9755113
9796427
9350033
9721749
9519091
9728626
9762794
9762635
9762587
9746569
9762662
9550896
9758246
9767037
9765305
9796809
9749046
9727590
9707595
9754504
9754437
9723781
9696555
9694485
9796831
9717979
9703205
9467074
9755022
9754048
9698126
9655617
9629553
9746615
9746085
9739818
9686632
9682080
9670344
9637081
9670960
9658235
9715843
9714969
9688521
9548237
9714477
9655185
9700731
9703793
9712432
9666919
9715516
9568325
9481989
9713412
9711900
9698421
9491896
9554462
9715975
9715876
9715667
9693877
9672408
9658945
9715264
9704359
9654823
9570912
9715474
9715280
9707089
9677217
9667359
9644425
9639272
9547094
9482050
9715668
9696093
9677099
9718156
9694023
9711085
9681713
9645976
9704527
9693925
9707299
9670558
9708605
9715440
9624167
9740393
9743254
9743190
9605289
9686650
9738398
9731483
9705128
9651016
9722649
9686089
9571650
9748870
9605035
9714267
9749315
9603640
9711170
9714664
9714032
9715746
9614258
9715514
9685279
9661386
9691955
9683818
9715616
9716060
9696450
9604972
9633160
9685222
9599011
9676083
9718732
9715467
9497158
9660272
9662918
9715673
9714186
9691687
9690872
9700393
9741688
9712310
9699317
9745032
9743088
9509785
9714967
9714835
9680295
9513521
9665804
9743017
9702157
9686783
9575041
9780573
9779179
9622847
9594186
9652671
9247984
9708249
9673767
9559877
9686548
9710128
9704403
9676381
9672626
9589028
9671287
9581043
9481766
9553624
9732587
9729418
9717978
9706337
9526601
9490663
9699643
9595564
9594977
9759448
9761831
9761795
9761853
9761858
9760592
9748449
9762453
9681712
9654312
9610183
9762955
9762912
9762906
9762888
9762811
9762677
9762477
9744564
9716095
9705476
9685062
9672542
9744330
9735904
9735114
9735064
9716854
9708976
9708930
9763021
9762969
9762916
9697725
9762848
9762496
9758105
9763192
9763146
9763117
9763103
9763094
9763092
9763073
9762404
9762217
9755556
9595542
9604059
9663610
9556397
9742532
9737967
9724689
9719253
9581220
9544975
9738277
9692028
9691109
9665847
9599608
9592819
9553959
9649053
9642826
9636467
9626160
9573448
9547279
9541969
9702628
9670790
9658530
9652164
9701776
9587936
9442728
9757299
9521422
9776810
9639182
9632797
9743412
9714442
9713222
9707805
9693863
9693365
9681440
9675431
9674283
9650349
9649354
9648833
9645083
9643781
9553661
9483061
9416368
9509379
9545409
9514022
9795909
9795892
9693330
9610937
9547241
9755499
9731767
9559746
9745451
9432929
9690939
9449678
9566828
9763294
9763252
9763248
9763241
9763221
9763215
9763210
9763181
9763164
9763010
9762420
9761458
9761434
9754882
9516055
9660422
9649947
9357228
9715000
9560380
9755248
9553994
9787130
9796854
9666798
9734920
9579644
9745622
9797224
9781415
9755707
9755721
9725094
9710252
9688019
9618885
9577380
9797255
9797253
9786860
9755423
9736383
9711272
9749617
9731652
9771034
9703797
9694661
9676075
9528329
9658785
9682123
9692033
9692225
9679491
9561819
9716196
9716444
9721221
9722958
9633654
9658653
9656153
9716018
9705323
9701239
9716354
9702332
9707500
9743998
9734775
9734390
9744295
9744159
9743955
9719394
9660436
9744452
9731824
9723766
9712780
9646040
9635998
9706472
9744038
9743816
9715003
9716450
9716145
9716136
9713282
9666956
9665150
9653005
9610587
9608572
9537206
9533469
9716539
9716490
9716338
9716186
9714554
9712640
9706653
9705981
9704407
9702079
9619180
9716703
9716591
9713315
9699745
9696492
9676644
9666954
9640956
9626745
9607877
9502290
9715929
9669712
9715588
9672111
9667494
9638180
9624150
9608206
9716169
9463767
9703924
9568139
9700009
9710672
9710989
9719125
9719808
9702698
9715914
9375686
9746905
9750303
9743206
9740821
9750455
9657592
9702353
9622938
9730658
9749206
9750161
9744381
9715671
9715710
9708107
9675967
9608366
9627382
9665491
9708394
9676102
9727752
9658487
9644438
9781257
9766160
9646363
9604344
9550152
9660175
9684671
9761871
9706500
9761861
9749234
9761878
9761893
9761936
9762490
9588982
9703072
9763110
9717588
9649201
9643300
9582323
9570923
9682470
9729760
9649129
9688530
9682792
9678680
9677572
9605369
9573973
9531262
9795923
9763661
9763335
9711283
9633035
9763925
9763922
9763904
9763902
9763872
9763848
9763843
9763836
9763813
9763803
9763770
9763768
9763764
9763736
9763731
9763728
9763616
9763331
9761117
9758712
9757394
9756643
9752235
9750464
9748762
9745822
9743189
9703195
9701210
9763981
9763885
9740783
9614844
9671954
9763481
9763434
9763433
9763431
9763427
9763402
9763375
9763313
9760772
9756057
9753953
9725284
9763603
9763558
9763553
9763480
9763461
9763448
9762778
9756193
9755803
9755519
9754447
9753391
9752244
9763608
9763607
9763756
9763739
9763733
9763719
9763684
9763663
9763649
9763646
9763615
9763609
9763540
9763539
9744577
9742938
9742656
9739001
9752449
9762996
9762965
9762837
9679899
9738565
9648906
9615073
9721417
9700528
9718142
9601967
9700417
9709241
9796651
9797366
9754978
9797502
9598238
9565364
9797314
9745375
9678361
9797868
9616837
9671423
9420447
9648923
9682759
9634300
9584338
9689331
9670499
9696573
9654728
9645920
9667293
9709532
9690880
9648206
9713871
9713638
9670440
9717610
9714087
9723297
9702139
9744453
9739584
9744524
9717910
9699240
9734563
9744531
9713880
9744922
9737934
9745074
9742134
9745594
9516653
9738494
9744772
9749415
9715901
9679669
9637865
9716896
9716839
9716750
9716620
9716615
9716608
9715987
9706562
9485095
9717046
9717039
9717019
9716764
9712752
9658574
9584064
9717177
9716719
9714447
9706913
9700848
9699524
9699246
9688179
9685224
9655831
9651405
9644411
9717347
9717344
9717340
9716913
9699265
9688896
9672026
9671662
9666627
9643304
9575129
9717180
9687387
9671241
9669185
9653811
9522344
9717037
9716988
9716809
9716831
9487476
9650613
9734922
9717512
9688776
9716965
9749094
9743871
9743927
9677935
9665327
9740320
9714719
8955595
9750932
9751386
9538384
9622783
9681207
9442188
9633494
9395277
9763510
9645733
9645599
9645512
9764133
9762697
9681374
9757245
9752791
9761897
9762014
9762001
9762052
9762040
9733853
9778197
9682773
9637678
9624314
9615599
9565958
9563729
9558933
9535757
9488421
9732341
9683421
9680625
9679143
9678842
9654410
9665789
9711182
9711231
9764253
9564109
9794594
9722024
9717158
9711594
9711028
9708881
9689348
9683269
9668887
9620692
9572623
9793200
9547066
9796061
9654328
9628046
9615882
9715367
9750878
9743054
9717760
9764136
9764112
9764078
9764074
9763948
9763890
9763878
9762983
9757603
9764282
9764264
9764234
9764212
9764208
9764191
9764182
9764157
9764153
9764146
9764061
9764044
9764015
9763703
9762810
9761015
9760306
9758038
9757846
9753133
9750602
9749173
9745274
9689323
9756769
9748807
9764249
9764223
9764114
9764065
9764064
9764063
9764000
9763994
9763949
9763571
9764487
9764424
9764411
9764408
9764406
9764403
9764373
9764370
9764368
9764367
9764327
9764319
9764315
9764298
9764655
9764636
9764601
9764587
9764569
9764555
9764553
9710986
9704718
9697051
9764546
9764543
9764528
9764479
9764476
9764458
9764378
9764277
9764272
9764248
9764031
9763543
9757886
9716432
9715574
9678537
9678358
9549859
9505442
9763048
9747413
9603502
9527051
9661491
9649200
9689558
9422258
9611251
9650346
9649963
9744279
9508524
9716893
9793367
9797926
9797770
9671063
9605501
9654386
9715485
9719721
9714839
9679506
9718059
9685985
9713571
9604087
9699412
9688137
9648654
9652521
9587680
9697915
9713433
9715336
9591027
9628088
9598476
9705579
9717931
9717883
9717168
9716889
9716696
9713298
9706588
9693698
9546136
9718052
9716778
9716275
9691982
9581462
9717799
9717660
9717643
9717632
9717615
9717223
9716787
9708797
9676616
9654505
9651152
9646005
9717864
9717789
9717719
9715072
9703916
9671546
9633882
9702032
9700868
9510303
9695678
9666875
9715191
9718964
9718088
9601956
9468862
9603364
9723102
9708540
9745464
9683401
9729350
9745456
9745371
9722790
9717246
9567763
9696387
9674068
9717921
9729967
9716547
9667308
9640570
9745658
9745643
9580226
9748831
9740248
9735451
9744164
9733322
9599819
9713860
9711860
9688392
9688343
9667023
9657666
9654986
9717002
9633900
9704856
9717658
9717528
9717412
9716111
9708772
9677778
9663706
9653804
9710722
9664497
9680885
9666641
9719150
9665703
9717917
9715517
9719581
9711382
9708205
9715570
9719460
9171678
9673402
9690791
9670267
9667008
9688040
9509351
9750102
9751247
9750600
9751178
9715874
9747439
9652352
9662606
9688249
9681710
9606837
9564682
9643772
9483635
9673334
9570981
9733973
9727890
9691064
9685434
9768173
9076423
9671713
9754990
9762634
9758769
9758557
9717464
9716479
9658475
9721445
9762113
9762234
9762252
9650894
9669534
9712532
9656178
9410905
9644781
9638110
9636525
9631544
9631329
9620363
9571914
9547863
9532286
9525014
9728440
9728323
9726580
9699889
9683950
9683284
9682900
9681835
9666623
9713141
9686013
9733896
9676757
9789195
9735318
9713224
9789171
9687440
9688335
9689626
9733723
9688200
9666029
9664120
9654484
9650764
9431696
9712905
9738424
9789390
9541578
9624742
9630492
9764753
9764579
9763893
9763332
9746526
9763830
9732986
9689869
9764246
9764169
9764038
9759420
9753473
9721984
9764854
9764830
9764808
9764790
9764777
9764774
9764743
9764736
9764558
9764536
9764506
9764497
9764388
9759943
9759642
9753359
9703288
9764928
9764923
9764903
9764895
9764892
9764883
9764841
9764824
9764804
9764799
9764780
9764773
9764771
9764732
9764671
9764665
9764650
9764440
9763781
9759397
9725900
9618271
9570032
9544594
9764094
9763253
9660932
9635026
9584405
9756453
9737165
9681240
9663223
9765087
9765062
9765044
9765022
9764104
9760479
9764951
9764941
9764930
9764922
9764885
9764978
9765008
9765004
9765001
9752653
9763621
9765154
9765125
9765117
9765111
9765103
9765090
9765083
9765078
9765063
9765030
9764974
9764875
9764635
9764077
9743011
9675856
9663761
9765157
9765101
9765045
9763625
9760661
9764896
9715375
9415028
9783128
9652892
9622507
9672237
9413029
9682005
9589847
9664255
9650665
9718683
9718577
9718680
9710384
9702422
9707582
9684967
9713030
9705950
9666667
9664102
9715779
9706280
9694687
9684417
9718010
9589493
9704502
9649047
9637671
9718420
9718205
9716595
9712630
8993596
8993338
9615779
9718648
9718561
9718501
9718434
9718240
9718145
9717940
9716290
9707400
9679112
9655602
9642369
9636336
9512261
9718259
9710098
9714332
9679182
9743464
9564659
9690422
9671165
9743153
9732775
9745789
9738615
9705926
9646980
9746057
9745950
9742196
9741845
9720581
9746255
9674155
9745987
9745033
9746271
9740525
9721975
9748988
9743822
9748541
9636929
9746895
9745878
9747541
9745696
9738518
9748387
9749764
9598644
9676319
9698701
9713499
9704388
9714776
9700858
9548557
9716492
9665407
9571116
9709985
9700586
9717569
9704893
9704624
9710447
9592879
9713752
9692360
9719349
9719963
9719426
9715587
9701680
9718305
9718568
9716388
9689556
9686878
9713835
9486283
9690391
9655441
9737063
9746229
9682975
9749526
9751924
9749268
9746649
9484223
9484239
9751887
9750364
9726038
9713461
9648927
9512644
9455154
9647560
9605152
9751719
9734051
9755694
9776605
9713144
9729050
9732152
9610306
9765269
9763931
9724396
9430157
9564189
9741273
9673419
9525846
9524160
9651287
9515698
9758130
9752928
9725687
9762568
9755743
9755390
9749941
9726211
9735897
9438929
9694437
9746188
9615378
9583243
9575503
9756586
9461646
9454614
9454337
9246779
9751986
9571965
9639889
9653295
9642786
9589607
9713165
9678521
9678297
9676166
9558908
9651146
9651083
9648949
9628029
9621315
9617990
9593404
9590273
9587168
9580008
9558673
9547660
9537597
9523770
9519410
9731504
9731138
9712462
9706395
9686286
9685733
9684456
9684364
9683174
9682566
9679979
9676553
9675641
9667409
9664679
9654781
9737663
9572684
9558787
9651459
9741466
9670696
9782876
9737147
9698740
9648486
9576330
9479249
9719070
9734435
9667309
9740375
9719443
9713707
9712433
9701643
9691731
9656059
9622738
9618423
9593716
9551277
9751840
9469043
9494902
9745353
9672857
9631846
9751806
9763686
9763841
9763537
9746654
9712038
9685255
9746632
9736836
9764391
9705543
9576610
9763162
9745211
9666663
9653751
9628675
9762766
9517883
9745399
9765230
9765216
9765201
9765187
9765165
9765160
9765089
9765082
9764839
9764472
9763863
9765366
9765316
9765274
9765262
9765261
9765221
9765185
9765115
9765032
9764969
9764612
9764098
9763982
9762919
9759294
9753313
9765019
9764970
9764938
9764937
9556066
9653928
9614536
9765495
9765405
9765379
9765362
9765329
9765304
9765260
9763735
9763447
9763030
9762871
9762768
9762675
9756183
9739144
9642590
9753051
9732190
9728832
9721050
9765532
9765481
9765444
9765438
9765146
9765129
9765027
9764967
9764902
9764806
9763267
9763027
9684617
9665624
9616384
9765560
9765175
9715439
9481443
9645254
9671388
9715698
9503972
9673104
9657164
9682927
9695834
9691291
9652068
9651844
9651395
9506857
9667306
9725469
9718880
9717429
9693670
9715881
9715743
9716747
9716571
9716812
9717548
9715491
9638533
9718700
9718665
9718607
9718414
9708896
9718818
9718751
9718747
9708567
9708330
9692337
9718986
9718969
9718816
9718743
9718676
9718600
9716132
9697932
9623506
9719276
9725146
9746928
9688312
9666831
9608552
9611421
9740532
9732383
9746298
9740750
9701758
9673501
9708079
9699122
9667351
9740202
9669725
9702132
9580312
9746597
9727749
9746753
9746643
9749249
9714513
9716422
9716592
9515276
9498696
9712662
9688781
9719350
9719201
9719120
9718486
9718427
9712338
9709892
9708792
9707432
9705346
9718362
9653029
9720063
9718651
9657686
9720298
9720217
9720029
9719738
9715322
9656653
9719267
9637794
9710309
9717357
9749858
8893736
9752282
8896763
9707139
9718793
9752628
9751045
9738326
9750696
9731033
9749709
9749799
9718788
9713608
9748317
9699233
9777875
9313626
9733572
9765664
9685575
9633796
9684864
9765913
9616546
9764539
9725181
9753414
9744802
9732098
9554363
9762708
9700002
9758612
9762325
9503973
9498208
9462497
9461409
9539706
9725205
9712715
9663721
9663715
9765195
9611278
9684860
9718887
9676867
9662818
9784151
9740700
9724456
9718729
9694654
9691633
9690874
9677065
9796284
9721842
9605884
9560406
9657749
9689033
9661250
9621515
9704473
9751199
9764784
9763682
9743662
9735819
9752156
9745899
9739340
9763291
9680313
9459681
9752370
9750035
9732217
9730127
9730015
9729898
9766030
9766001
9765986
9765972
9765826
9765797
9765774
9765759
9765748
9765353
9714521
9707861
9701262
9522414
9766267
9766196
9766198
9766167
9766143
9766135
9766096
9765750
9765743
9764664
9764420
9764206
9763225
9747049
9730230
9676814
9593929
9764589
9765174
9760616
9765106
9765351
9688072
9685579
9681116
9660343
9765684
9765681
9765673
9765652
9765638
9765629
9765626
9765593
9765547
9765540
9765496
9765457
9764998
9764459
9758056
9748063
9703284
9642757
9765925
9765898
9765887
9765799
9765740
9765738
9765723
9765701
9765640
9765600
9765597
9765360
9764913
9764729
9755637
9752483
9738930
9732184
9683848
9680012
9718237
9784334
9782304
9765777
9543956
9732452
9715799
9685054
9684741
9683542
9682567
9678928
9662612
9630673
9621847
9620645
9619152
9614016
9608891
9593520
9536634
9381092
9778867
9673273
9415802
9719552
9719252
9720013
9719129
9639138
9714171
9715210
9719732
9718241
9618072
9714375
9718466
9714151
9713677
9718891
9646022
9719611
9717484
9745886
9718631
9737560
9620397
9743752
9740461
9452167
9744090
9695878
9695646
9746428
9694556
9746957
9740643
9747552
9747201
9719458
9711661
9649539
9740766
9630930
9745184
9363727
9713310
9714659
9715650
9641295
9716629
9716564
9631161
9477099
9717190
9488022
9669726
9690166
9719118
9719114
9718999
9688702
9668145
9719486
9719445
9719375
9718168
9701711
9632017
9444152
9719817
9719520
9720038
9719909
9719780
9719757
9719706
9719646
9719450
9719250
9718451
9715758
9713448
9706943
9699000
9719418
9719358
9719354
9719025
9718146
9716804
9700606
9653010
9701138
9657210
9656774
9643764
9640423
9605233
9719944
9719938
9719791
9719565
9718725
9716612
9716417
9716330
9713910
9707621
9719535
9301416
9703148
9719153
9719856
9746756
9582090
9705530
9752903
9753327
9753427
9753272
9751361
9753171
9710474
9738597
9738540
9716941
9661412
9524474
9775473
9642122
9335489
9679301
9766744
9766745
9710870
9640438
9766782
9734333
9766804
9765767
9766428
9766408
9766315
9766308
9766277
9766106
9766073
9758970
9758713
9758530
9744026
9697888
9676909
9639352
9638020
9766674
9766593
9766575
9766572
9766480
9766432
9766412
9766369
9766247
9765784
9765315
9764268
9764210
9758471
9757345
9756167
9745070
9640758
9624442
9665695
9766749
9766726
9766684
9766659
9766627
9766448
9766447
9765512
9765396
9750281
9723407
9759340
9758936
9691569
9690317
9699457
9667129
9454929
9454781
9454692
9454452
9764190
9733229
9621581
9709558
9692544
9715239
9752275
9691555
9658542
9782326
9725858
9679495
9747232
9745730
9743709
9740958
9736663
9735655
9725786
9719820
9719496
9715118
9710750
9637102
9600091
9592367
9590007
9513862
9796298
9725891
9549471
9704121
9598080
9647656
9763315
9717416
9760057
9764565
9764840
9764629
9764470
9765954
9717036
9713727
9692158
9683351
9376406
9766324
9766312
9766301
9766298
9766278
9766222
9766195
9766193
9766129
9766123
9766075
9766044
9765556
9764310
9747732
9745741
9765178
9765228
9765538
9765335
9762487
9759632
9720218
9765161
9577917
9784558
9638667
9735099
9701290
9685583
9685219
9682245
9670327
9663628
9652422
9652107
9639114
9628285
9623082
9602850
9582407
9580979
9553585
9494829
9427421
9790680
9639907
9674267
9628529
9503573
9571134
9719850
9624641
9476602
9476515
9476431
9476318
9475781
9475668
9475567
9566284
9566237
9747267
9745440
9742570
9677448
9650432
9748135
9539325
9704250
9597679
9557164
9748680
9748718
9713050
9747489
9324749
9635111
9581079
9705537
9703490
9631114
9720253
9720215
9720176
9720044
9719522
9653311
9637084
9574928
9714082
9695520
9692914
